title:Dawning 2025

// Mistral Lift - Mistral Lift shining ()
dimwishlist:item=270610849&perks=


// Mistral Lift - Mistral Lift (god-pve)
//notes: tags:god-pve
dimwishlist:item=766122634&perks=839105230,1687452232,3987942396,3078487919
dimwishlist:item=766122634&perks=839105230,1687452232,3987942396,3744057135
dimwishlist:item=766122634&perks=839105230,1687452232,3987942396,555281244
dimwishlist:item=766122634&perks=839105230,1687452232,3987942396,332733060
dimwishlist:item=766122634&perks=839105230,1687452232,3987942396,3418782618
dimwishlist:item=766122634&perks=839105230,1687452232,3987942396,1563455254
dimwishlist:item=766122634&perks=839105230,1687452232,2817499044,3078487919
dimwishlist:item=766122634&perks=839105230,1687452232,2817499044,3744057135
dimwishlist:item=766122634&perks=839105230,1687452232,2817499044,555281244
dimwishlist:item=766122634&perks=839105230,1687452232,2817499044,332733060
dimwishlist:item=766122634&perks=839105230,1687452232,2817499044,3418782618
dimwishlist:item=766122634&perks=839105230,1687452232,2817499044,1563455254
dimwishlist:item=766122634&perks=839105230,1687452232,1523832109,3078487919
dimwishlist:item=766122634&perks=839105230,1687452232,1523832109,3744057135
dimwishlist:item=766122634&perks=839105230,1687452232,1523832109,555281244
dimwishlist:item=766122634&perks=839105230,1687452232,1523832109,332733060
dimwishlist:item=766122634&perks=839105230,1687452232,1523832109,3418782618
dimwishlist:item=766122634&perks=839105230,1687452232,1523832109,1563455254
dimwishlist:item=766122634&perks=839105230,1687452232,461595545,3078487919
dimwishlist:item=766122634&perks=839105230,1687452232,461595545,3744057135
dimwishlist:item=766122634&perks=839105230,1687452232,461595545,555281244
dimwishlist:item=766122634&perks=839105230,1687452232,461595545,332733060
dimwishlist:item=766122634&perks=839105230,1687452232,461595545,3418782618
dimwishlist:item=766122634&perks=839105230,1687452232,461595545,1563455254
dimwishlist:item=766122634&perks=839105230,1687452232,3643424744,3078487919
dimwishlist:item=766122634&perks=839105230,1687452232,3643424744,3744057135
dimwishlist:item=766122634&perks=839105230,1687452232,3643424744,555281244
dimwishlist:item=766122634&perks=839105230,1687452232,3643424744,332733060
dimwishlist:item=766122634&perks=839105230,1687452232,3643424744,3418782618
dimwishlist:item=766122634&perks=839105230,1687452232,3643424744,1563455254
dimwishlist:item=766122634&perks=839105230,1687452232,2682205016,3078487919
dimwishlist:item=766122634&perks=839105230,1687452232,2682205016,3744057135
dimwishlist:item=766122634&perks=839105230,1687452232,2682205016,555281244
dimwishlist:item=766122634&perks=839105230,1687452232,2682205016,332733060
dimwishlist:item=766122634&perks=839105230,1687452232,2682205016,3418782618
dimwishlist:item=766122634&perks=839105230,1687452232,2682205016,1563455254
dimwishlist:item=766122634&perks=839105230,1687452232,1134488199,3078487919
dimwishlist:item=766122634&perks=839105230,1687452232,1134488199,3744057135
dimwishlist:item=766122634&perks=839105230,1687452232,1134488199,555281244
dimwishlist:item=766122634&perks=839105230,1687452232,1134488199,332733060
dimwishlist:item=766122634&perks=839105230,1687452232,1134488199,3418782618
dimwishlist:item=766122634&perks=839105230,1687452232,1134488199,1563455254
dimwishlist:item=766122634&perks=839105230,1687452232,2904194311,3078487919
dimwishlist:item=766122634&perks=839105230,1687452232,2904194311,3744057135
dimwishlist:item=766122634&perks=839105230,1687452232,2904194311,555281244
dimwishlist:item=766122634&perks=839105230,1687452232,2904194311,332733060
dimwishlist:item=766122634&perks=839105230,1687452232,2904194311,3418782618
dimwishlist:item=766122634&perks=839105230,1687452232,2904194311,1563455254
dimwishlist:item=766122634&perks=839105230,689005463,3987942396,3078487919
dimwishlist:item=766122634&perks=839105230,689005463,3987942396,3744057135
dimwishlist:item=766122634&perks=839105230,689005463,3987942396,555281244
dimwishlist:item=766122634&perks=839105230,689005463,3987942396,332733060
dimwishlist:item=766122634&perks=839105230,689005463,3987942396,3418782618
dimwishlist:item=766122634&perks=839105230,689005463,3987942396,1563455254
dimwishlist:item=766122634&perks=839105230,689005463,2817499044,3078487919
dimwishlist:item=766122634&perks=839105230,689005463,2817499044,3744057135
dimwishlist:item=766122634&perks=839105230,689005463,2817499044,555281244
dimwishlist:item=766122634&perks=839105230,689005463,2817499044,332733060
dimwishlist:item=766122634&perks=839105230,689005463,2817499044,3418782618
dimwishlist:item=766122634&perks=839105230,689005463,2817499044,1563455254
dimwishlist:item=766122634&perks=839105230,689005463,1523832109,3078487919
dimwishlist:item=766122634&perks=839105230,689005463,1523832109,3744057135
dimwishlist:item=766122634&perks=839105230,689005463,1523832109,555281244
dimwishlist:item=766122634&perks=839105230,689005463,1523832109,332733060
dimwishlist:item=766122634&perks=839105230,689005463,1523832109,3418782618
dimwishlist:item=766122634&perks=839105230,689005463,1523832109,1563455254
dimwishlist:item=766122634&perks=839105230,689005463,461595545,3078487919
dimwishlist:item=766122634&perks=839105230,689005463,461595545,3744057135
dimwishlist:item=766122634&perks=839105230,689005463,461595545,555281244
dimwishlist:item=766122634&perks=839105230,689005463,461595545,332733060
dimwishlist:item=766122634&perks=839105230,689005463,461595545,3418782618
dimwishlist:item=766122634&perks=839105230,689005463,461595545,1563455254
dimwishlist:item=766122634&perks=839105230,689005463,3643424744,3078487919
dimwishlist:item=766122634&perks=839105230,689005463,3643424744,3744057135
dimwishlist:item=766122634&perks=839105230,689005463,3643424744,555281244
dimwishlist:item=766122634&perks=839105230,689005463,3643424744,332733060
dimwishlist:item=766122634&perks=839105230,689005463,3643424744,3418782618
dimwishlist:item=766122634&perks=839105230,689005463,3643424744,1563455254
dimwishlist:item=766122634&perks=839105230,689005463,2682205016,3078487919
dimwishlist:item=766122634&perks=839105230,689005463,2682205016,3744057135
dimwishlist:item=766122634&perks=839105230,689005463,2682205016,555281244
dimwishlist:item=766122634&perks=839105230,689005463,2682205016,332733060
dimwishlist:item=766122634&perks=839105230,689005463,2682205016,3418782618
dimwishlist:item=766122634&perks=839105230,689005463,2682205016,1563455254
dimwishlist:item=766122634&perks=839105230,689005463,1134488199,3078487919
dimwishlist:item=766122634&perks=839105230,689005463,1134488199,3744057135
dimwishlist:item=766122634&perks=839105230,689005463,1134488199,555281244
dimwishlist:item=766122634&perks=839105230,689005463,1134488199,332733060
dimwishlist:item=766122634&perks=839105230,689005463,1134488199,3418782618
dimwishlist:item=766122634&perks=839105230,689005463,1134488199,1563455254
dimwishlist:item=766122634&perks=839105230,689005463,2904194311,3078487919
dimwishlist:item=766122634&perks=839105230,689005463,2904194311,3744057135
dimwishlist:item=766122634&perks=839105230,689005463,2904194311,555281244
dimwishlist:item=766122634&perks=839105230,689005463,2904194311,332733060
dimwishlist:item=766122634&perks=839105230,689005463,2904194311,3418782618
dimwishlist:item=766122634&perks=839105230,689005463,2904194311,1563455254
dimwishlist:item=766122634&perks=839105230,2680121939,3987942396,3078487919
dimwishlist:item=766122634&perks=839105230,2680121939,3987942396,3744057135
dimwishlist:item=766122634&perks=839105230,2680121939,3987942396,555281244
dimwishlist:item=766122634&perks=839105230,2680121939,3987942396,332733060
dimwishlist:item=766122634&perks=839105230,2680121939,3987942396,3418782618
dimwishlist:item=766122634&perks=839105230,2680121939,3987942396,1563455254
dimwishlist:item=766122634&perks=839105230,2680121939,2817499044,3078487919
dimwishlist:item=766122634&perks=839105230,2680121939,2817499044,3744057135
dimwishlist:item=766122634&perks=839105230,2680121939,2817499044,555281244
dimwishlist:item=766122634&perks=839105230,2680121939,2817499044,332733060
dimwishlist:item=766122634&perks=839105230,2680121939,2817499044,3418782618
dimwishlist:item=766122634&perks=839105230,2680121939,2817499044,1563455254
dimwishlist:item=766122634&perks=839105230,2680121939,1523832109,3078487919
dimwishlist:item=766122634&perks=839105230,2680121939,1523832109,3744057135
dimwishlist:item=766122634&perks=839105230,2680121939,1523832109,555281244
dimwishlist:item=766122634&perks=839105230,2680121939,1523832109,332733060
dimwishlist:item=766122634&perks=839105230,2680121939,1523832109,3418782618
dimwishlist:item=766122634&perks=839105230,2680121939,1523832109,1563455254
dimwishlist:item=766122634&perks=839105230,2680121939,461595545,3078487919
dimwishlist:item=766122634&perks=839105230,2680121939,461595545,3744057135
dimwishlist:item=766122634&perks=839105230,2680121939,461595545,555281244
dimwishlist:item=766122634&perks=839105230,2680121939,461595545,332733060
dimwishlist:item=766122634&perks=839105230,2680121939,461595545,3418782618
dimwishlist:item=766122634&perks=839105230,2680121939,461595545,1563455254
dimwishlist:item=766122634&perks=839105230,2680121939,3643424744,3078487919
dimwishlist:item=766122634&perks=839105230,2680121939,3643424744,3744057135
dimwishlist:item=766122634&perks=839105230,2680121939,3643424744,555281244
dimwishlist:item=766122634&perks=839105230,2680121939,3643424744,332733060
dimwishlist:item=766122634&perks=839105230,2680121939,3643424744,3418782618
dimwishlist:item=766122634&perks=839105230,2680121939,3643424744,1563455254
dimwishlist:item=766122634&perks=839105230,2680121939,2682205016,3078487919
dimwishlist:item=766122634&perks=839105230,2680121939,2682205016,3744057135
dimwishlist:item=766122634&perks=839105230,2680121939,2682205016,555281244
dimwishlist:item=766122634&perks=839105230,2680121939,2682205016,332733060
dimwishlist:item=766122634&perks=839105230,2680121939,2682205016,3418782618
dimwishlist:item=766122634&perks=839105230,2680121939,2682205016,1563455254
dimwishlist:item=766122634&perks=839105230,2680121939,1134488199,3078487919
dimwishlist:item=766122634&perks=839105230,2680121939,1134488199,3744057135
dimwishlist:item=766122634&perks=839105230,2680121939,1134488199,555281244
dimwishlist:item=766122634&perks=839105230,2680121939,1134488199,332733060
dimwishlist:item=766122634&perks=839105230,2680121939,1134488199,3418782618
dimwishlist:item=766122634&perks=839105230,2680121939,1134488199,1563455254
dimwishlist:item=766122634&perks=839105230,2680121939,2904194311,3078487919
dimwishlist:item=766122634&perks=839105230,2680121939,2904194311,3744057135
dimwishlist:item=766122634&perks=839105230,2680121939,2904194311,555281244
dimwishlist:item=766122634&perks=839105230,2680121939,2904194311,332733060
dimwishlist:item=766122634&perks=839105230,2680121939,2904194311,3418782618
dimwishlist:item=766122634&perks=839105230,2680121939,2904194311,1563455254
dimwishlist:item=766122634&perks=3661387068,1687452232,3987942396,3078487919
dimwishlist:item=766122634&perks=3661387068,1687452232,3987942396,3744057135
dimwishlist:item=766122634&perks=3661387068,1687452232,3987942396,555281244
dimwishlist:item=766122634&perks=3661387068,1687452232,3987942396,332733060
dimwishlist:item=766122634&perks=3661387068,1687452232,3987942396,3418782618
dimwishlist:item=766122634&perks=3661387068,1687452232,3987942396,1563455254
dimwishlist:item=766122634&perks=3661387068,1687452232,2817499044,3078487919
dimwishlist:item=766122634&perks=3661387068,1687452232,2817499044,3744057135
dimwishlist:item=766122634&perks=3661387068,1687452232,2817499044,555281244
dimwishlist:item=766122634&perks=3661387068,1687452232,2817499044,332733060
dimwishlist:item=766122634&perks=3661387068,1687452232,2817499044,3418782618
dimwishlist:item=766122634&perks=3661387068,1687452232,2817499044,1563455254
dimwishlist:item=766122634&perks=3661387068,1687452232,1523832109,3078487919
dimwishlist:item=766122634&perks=3661387068,1687452232,1523832109,3744057135
dimwishlist:item=766122634&perks=3661387068,1687452232,1523832109,555281244
dimwishlist:item=766122634&perks=3661387068,1687452232,1523832109,332733060
dimwishlist:item=766122634&perks=3661387068,1687452232,1523832109,3418782618
dimwishlist:item=766122634&perks=3661387068,1687452232,1523832109,1563455254
dimwishlist:item=766122634&perks=3661387068,1687452232,461595545,3078487919
dimwishlist:item=766122634&perks=3661387068,1687452232,461595545,3744057135
dimwishlist:item=766122634&perks=3661387068,1687452232,461595545,555281244
dimwishlist:item=766122634&perks=3661387068,1687452232,461595545,332733060
dimwishlist:item=766122634&perks=3661387068,1687452232,461595545,3418782618
dimwishlist:item=766122634&perks=3661387068,1687452232,461595545,1563455254
dimwishlist:item=766122634&perks=3661387068,1687452232,3643424744,3078487919
dimwishlist:item=766122634&perks=3661387068,1687452232,3643424744,3744057135
dimwishlist:item=766122634&perks=3661387068,1687452232,3643424744,555281244
dimwishlist:item=766122634&perks=3661387068,1687452232,3643424744,332733060
dimwishlist:item=766122634&perks=3661387068,1687452232,3643424744,3418782618
dimwishlist:item=766122634&perks=3661387068,1687452232,3643424744,1563455254
dimwishlist:item=766122634&perks=3661387068,1687452232,2682205016,3078487919
dimwishlist:item=766122634&perks=3661387068,1687452232,2682205016,3744057135
dimwishlist:item=766122634&perks=3661387068,1687452232,2682205016,555281244
dimwishlist:item=766122634&perks=3661387068,1687452232,2682205016,332733060
dimwishlist:item=766122634&perks=3661387068,1687452232,2682205016,3418782618
dimwishlist:item=766122634&perks=3661387068,1687452232,2682205016,1563455254
dimwishlist:item=766122634&perks=3661387068,1687452232,1134488199,3078487919
dimwishlist:item=766122634&perks=3661387068,1687452232,1134488199,3744057135
dimwishlist:item=766122634&perks=3661387068,1687452232,1134488199,555281244
dimwishlist:item=766122634&perks=3661387068,1687452232,1134488199,332733060
dimwishlist:item=766122634&perks=3661387068,1687452232,1134488199,3418782618
dimwishlist:item=766122634&perks=3661387068,1687452232,1134488199,1563455254
dimwishlist:item=766122634&perks=3661387068,1687452232,2904194311,3078487919
dimwishlist:item=766122634&perks=3661387068,1687452232,2904194311,3744057135
dimwishlist:item=766122634&perks=3661387068,1687452232,2904194311,555281244
dimwishlist:item=766122634&perks=3661387068,1687452232,2904194311,332733060
dimwishlist:item=766122634&perks=3661387068,1687452232,2904194311,3418782618
dimwishlist:item=766122634&perks=3661387068,1687452232,2904194311,1563455254
dimwishlist:item=766122634&perks=3661387068,689005463,3987942396,3078487919
dimwishlist:item=766122634&perks=3661387068,689005463,3987942396,3744057135
dimwishlist:item=766122634&perks=3661387068,689005463,3987942396,555281244
dimwishlist:item=766122634&perks=3661387068,689005463,3987942396,332733060
dimwishlist:item=766122634&perks=3661387068,689005463,3987942396,3418782618
dimwishlist:item=766122634&perks=3661387068,689005463,3987942396,1563455254
dimwishlist:item=766122634&perks=3661387068,689005463,2817499044,3078487919
dimwishlist:item=766122634&perks=3661387068,689005463,2817499044,3744057135
dimwishlist:item=766122634&perks=3661387068,689005463,2817499044,555281244
dimwishlist:item=766122634&perks=3661387068,689005463,2817499044,332733060
dimwishlist:item=766122634&perks=3661387068,689005463,2817499044,3418782618
dimwishlist:item=766122634&perks=3661387068,689005463,2817499044,1563455254
dimwishlist:item=766122634&perks=3661387068,689005463,1523832109,3078487919
dimwishlist:item=766122634&perks=3661387068,689005463,1523832109,3744057135
dimwishlist:item=766122634&perks=3661387068,689005463,1523832109,555281244
dimwishlist:item=766122634&perks=3661387068,689005463,1523832109,332733060
dimwishlist:item=766122634&perks=3661387068,689005463,1523832109,3418782618
dimwishlist:item=766122634&perks=3661387068,689005463,1523832109,1563455254
dimwishlist:item=766122634&perks=3661387068,689005463,461595545,3078487919
dimwishlist:item=766122634&perks=3661387068,689005463,461595545,3744057135
dimwishlist:item=766122634&perks=3661387068,689005463,461595545,555281244
dimwishlist:item=766122634&perks=3661387068,689005463,461595545,332733060
dimwishlist:item=766122634&perks=3661387068,689005463,461595545,3418782618
dimwishlist:item=766122634&perks=3661387068,689005463,461595545,1563455254
dimwishlist:item=766122634&perks=3661387068,689005463,3643424744,3078487919
dimwishlist:item=766122634&perks=3661387068,689005463,3643424744,3744057135
dimwishlist:item=766122634&perks=3661387068,689005463,3643424744,555281244
dimwishlist:item=766122634&perks=3661387068,689005463,3643424744,332733060
dimwishlist:item=766122634&perks=3661387068,689005463,3643424744,3418782618
dimwishlist:item=766122634&perks=3661387068,689005463,3643424744,1563455254
dimwishlist:item=766122634&perks=3661387068,689005463,2682205016,3078487919
dimwishlist:item=766122634&perks=3661387068,689005463,2682205016,3744057135
dimwishlist:item=766122634&perks=3661387068,689005463,2682205016,555281244
dimwishlist:item=766122634&perks=3661387068,689005463,2682205016,332733060
dimwishlist:item=766122634&perks=3661387068,689005463,2682205016,3418782618
dimwishlist:item=766122634&perks=3661387068,689005463,2682205016,1563455254
dimwishlist:item=766122634&perks=3661387068,689005463,1134488199,3078487919
dimwishlist:item=766122634&perks=3661387068,689005463,1134488199,3744057135
dimwishlist:item=766122634&perks=3661387068,689005463,1134488199,555281244
dimwishlist:item=766122634&perks=3661387068,689005463,1134488199,332733060
dimwishlist:item=766122634&perks=3661387068,689005463,1134488199,3418782618
dimwishlist:item=766122634&perks=3661387068,689005463,1134488199,1563455254
dimwishlist:item=766122634&perks=3661387068,689005463,2904194311,3078487919
dimwishlist:item=766122634&perks=3661387068,689005463,2904194311,3744057135
dimwishlist:item=766122634&perks=3661387068,689005463,2904194311,555281244
dimwishlist:item=766122634&perks=3661387068,689005463,2904194311,332733060
dimwishlist:item=766122634&perks=3661387068,689005463,2904194311,3418782618
dimwishlist:item=766122634&perks=3661387068,689005463,2904194311,1563455254
dimwishlist:item=766122634&perks=3661387068,2680121939,3987942396,3078487919
dimwishlist:item=766122634&perks=3661387068,2680121939,3987942396,3744057135
dimwishlist:item=766122634&perks=3661387068,2680121939,3987942396,555281244
dimwishlist:item=766122634&perks=3661387068,2680121939,3987942396,332733060
dimwishlist:item=766122634&perks=3661387068,2680121939,3987942396,3418782618
dimwishlist:item=766122634&perks=3661387068,2680121939,3987942396,1563455254
dimwishlist:item=766122634&perks=3661387068,2680121939,2817499044,3078487919
dimwishlist:item=766122634&perks=3661387068,2680121939,2817499044,3744057135
dimwishlist:item=766122634&perks=3661387068,2680121939,2817499044,555281244
dimwishlist:item=766122634&perks=3661387068,2680121939,2817499044,332733060
dimwishlist:item=766122634&perks=3661387068,2680121939,2817499044,3418782618
dimwishlist:item=766122634&perks=3661387068,2680121939,2817499044,1563455254
dimwishlist:item=766122634&perks=3661387068,2680121939,1523832109,3078487919
dimwishlist:item=766122634&perks=3661387068,2680121939,1523832109,3744057135
dimwishlist:item=766122634&perks=3661387068,2680121939,1523832109,555281244
dimwishlist:item=766122634&perks=3661387068,2680121939,1523832109,332733060
dimwishlist:item=766122634&perks=3661387068,2680121939,1523832109,3418782618
dimwishlist:item=766122634&perks=3661387068,2680121939,1523832109,1563455254
dimwishlist:item=766122634&perks=3661387068,2680121939,461595545,3078487919
dimwishlist:item=766122634&perks=3661387068,2680121939,461595545,3744057135
dimwishlist:item=766122634&perks=3661387068,2680121939,461595545,555281244
dimwishlist:item=766122634&perks=3661387068,2680121939,461595545,332733060
dimwishlist:item=766122634&perks=3661387068,2680121939,461595545,3418782618
dimwishlist:item=766122634&perks=3661387068,2680121939,461595545,1563455254
dimwishlist:item=766122634&perks=3661387068,2680121939,3643424744,3078487919
dimwishlist:item=766122634&perks=3661387068,2680121939,3643424744,3744057135
dimwishlist:item=766122634&perks=3661387068,2680121939,3643424744,555281244
dimwishlist:item=766122634&perks=3661387068,2680121939,3643424744,332733060
dimwishlist:item=766122634&perks=3661387068,2680121939,3643424744,3418782618
dimwishlist:item=766122634&perks=3661387068,2680121939,3643424744,1563455254
dimwishlist:item=766122634&perks=3661387068,2680121939,2682205016,3078487919
dimwishlist:item=766122634&perks=3661387068,2680121939,2682205016,3744057135
dimwishlist:item=766122634&perks=3661387068,2680121939,2682205016,555281244
dimwishlist:item=766122634&perks=3661387068,2680121939,2682205016,332733060
dimwishlist:item=766122634&perks=3661387068,2680121939,2682205016,3418782618
dimwishlist:item=766122634&perks=3661387068,2680121939,2682205016,1563455254
dimwishlist:item=766122634&perks=3661387068,2680121939,1134488199,3078487919
dimwishlist:item=766122634&perks=3661387068,2680121939,1134488199,3744057135
dimwishlist:item=766122634&perks=3661387068,2680121939,1134488199,555281244
dimwishlist:item=766122634&perks=3661387068,2680121939,1134488199,332733060
dimwishlist:item=766122634&perks=3661387068,2680121939,1134488199,3418782618
dimwishlist:item=766122634&perks=3661387068,2680121939,1134488199,1563455254
dimwishlist:item=766122634&perks=3661387068,2680121939,2904194311,3078487919
dimwishlist:item=766122634&perks=3661387068,2680121939,2904194311,3744057135
dimwishlist:item=766122634&perks=3661387068,2680121939,2904194311,555281244
dimwishlist:item=766122634&perks=3661387068,2680121939,2904194311,332733060
dimwishlist:item=766122634&perks=3661387068,2680121939,2904194311,3418782618
dimwishlist:item=766122634&perks=3661387068,2680121939,2904194311,1563455254
dimwishlist:item=766122634&perks=4090651448,1687452232,3987942396,3078487919
dimwishlist:item=766122634&perks=4090651448,1687452232,3987942396,3744057135
dimwishlist:item=766122634&perks=4090651448,1687452232,3987942396,555281244
dimwishlist:item=766122634&perks=4090651448,1687452232,3987942396,332733060
dimwishlist:item=766122634&perks=4090651448,1687452232,3987942396,3418782618
dimwishlist:item=766122634&perks=4090651448,1687452232,3987942396,1563455254
dimwishlist:item=766122634&perks=4090651448,1687452232,2817499044,3078487919
dimwishlist:item=766122634&perks=4090651448,1687452232,2817499044,3744057135
dimwishlist:item=766122634&perks=4090651448,1687452232,2817499044,555281244
dimwishlist:item=766122634&perks=4090651448,1687452232,2817499044,332733060
dimwishlist:item=766122634&perks=4090651448,1687452232,2817499044,3418782618
dimwishlist:item=766122634&perks=4090651448,1687452232,2817499044,1563455254
dimwishlist:item=766122634&perks=4090651448,1687452232,1523832109,3078487919
dimwishlist:item=766122634&perks=4090651448,1687452232,1523832109,3744057135
dimwishlist:item=766122634&perks=4090651448,1687452232,1523832109,555281244
dimwishlist:item=766122634&perks=4090651448,1687452232,1523832109,332733060
dimwishlist:item=766122634&perks=4090651448,1687452232,1523832109,3418782618
dimwishlist:item=766122634&perks=4090651448,1687452232,1523832109,1563455254
dimwishlist:item=766122634&perks=4090651448,1687452232,461595545,3078487919
dimwishlist:item=766122634&perks=4090651448,1687452232,461595545,3744057135
dimwishlist:item=766122634&perks=4090651448,1687452232,461595545,555281244
dimwishlist:item=766122634&perks=4090651448,1687452232,461595545,332733060
dimwishlist:item=766122634&perks=4090651448,1687452232,461595545,3418782618
dimwishlist:item=766122634&perks=4090651448,1687452232,461595545,1563455254
dimwishlist:item=766122634&perks=4090651448,1687452232,3643424744,3078487919
dimwishlist:item=766122634&perks=4090651448,1687452232,3643424744,3744057135
dimwishlist:item=766122634&perks=4090651448,1687452232,3643424744,555281244
dimwishlist:item=766122634&perks=4090651448,1687452232,3643424744,332733060
dimwishlist:item=766122634&perks=4090651448,1687452232,3643424744,3418782618
dimwishlist:item=766122634&perks=4090651448,1687452232,3643424744,1563455254
dimwishlist:item=766122634&perks=4090651448,1687452232,2682205016,3078487919
dimwishlist:item=766122634&perks=4090651448,1687452232,2682205016,3744057135
dimwishlist:item=766122634&perks=4090651448,1687452232,2682205016,555281244
dimwishlist:item=766122634&perks=4090651448,1687452232,2682205016,332733060
dimwishlist:item=766122634&perks=4090651448,1687452232,2682205016,3418782618
dimwishlist:item=766122634&perks=4090651448,1687452232,2682205016,1563455254
dimwishlist:item=766122634&perks=4090651448,1687452232,1134488199,3078487919
dimwishlist:item=766122634&perks=4090651448,1687452232,1134488199,3744057135
dimwishlist:item=766122634&perks=4090651448,1687452232,1134488199,555281244
dimwishlist:item=766122634&perks=4090651448,1687452232,1134488199,332733060
dimwishlist:item=766122634&perks=4090651448,1687452232,1134488199,3418782618
dimwishlist:item=766122634&perks=4090651448,1687452232,1134488199,1563455254
dimwishlist:item=766122634&perks=4090651448,1687452232,2904194311,3078487919
dimwishlist:item=766122634&perks=4090651448,1687452232,2904194311,3744057135
dimwishlist:item=766122634&perks=4090651448,1687452232,2904194311,555281244
dimwishlist:item=766122634&perks=4090651448,1687452232,2904194311,332733060
dimwishlist:item=766122634&perks=4090651448,1687452232,2904194311,3418782618
dimwishlist:item=766122634&perks=4090651448,1687452232,2904194311,1563455254
dimwishlist:item=766122634&perks=4090651448,689005463,3987942396,3078487919
dimwishlist:item=766122634&perks=4090651448,689005463,3987942396,3744057135
dimwishlist:item=766122634&perks=4090651448,689005463,3987942396,555281244
dimwishlist:item=766122634&perks=4090651448,689005463,3987942396,332733060
dimwishlist:item=766122634&perks=4090651448,689005463,3987942396,3418782618
dimwishlist:item=766122634&perks=4090651448,689005463,3987942396,1563455254
dimwishlist:item=766122634&perks=4090651448,689005463,2817499044,3078487919
dimwishlist:item=766122634&perks=4090651448,689005463,2817499044,3744057135
dimwishlist:item=766122634&perks=4090651448,689005463,2817499044,555281244
dimwishlist:item=766122634&perks=4090651448,689005463,2817499044,332733060
dimwishlist:item=766122634&perks=4090651448,689005463,2817499044,3418782618
dimwishlist:item=766122634&perks=4090651448,689005463,2817499044,1563455254
dimwishlist:item=766122634&perks=4090651448,689005463,1523832109,3078487919
dimwishlist:item=766122634&perks=4090651448,689005463,1523832109,3744057135
dimwishlist:item=766122634&perks=4090651448,689005463,1523832109,555281244
dimwishlist:item=766122634&perks=4090651448,689005463,1523832109,332733060
dimwishlist:item=766122634&perks=4090651448,689005463,1523832109,3418782618
dimwishlist:item=766122634&perks=4090651448,689005463,1523832109,1563455254
dimwishlist:item=766122634&perks=4090651448,689005463,461595545,3078487919
dimwishlist:item=766122634&perks=4090651448,689005463,461595545,3744057135
dimwishlist:item=766122634&perks=4090651448,689005463,461595545,555281244
dimwishlist:item=766122634&perks=4090651448,689005463,461595545,332733060
dimwishlist:item=766122634&perks=4090651448,689005463,461595545,3418782618
dimwishlist:item=766122634&perks=4090651448,689005463,461595545,1563455254
dimwishlist:item=766122634&perks=4090651448,689005463,3643424744,3078487919
dimwishlist:item=766122634&perks=4090651448,689005463,3643424744,3744057135
dimwishlist:item=766122634&perks=4090651448,689005463,3643424744,555281244
dimwishlist:item=766122634&perks=4090651448,689005463,3643424744,332733060
dimwishlist:item=766122634&perks=4090651448,689005463,3643424744,3418782618
dimwishlist:item=766122634&perks=4090651448,689005463,3643424744,1563455254
dimwishlist:item=766122634&perks=4090651448,689005463,2682205016,3078487919
dimwishlist:item=766122634&perks=4090651448,689005463,2682205016,3744057135
dimwishlist:item=766122634&perks=4090651448,689005463,2682205016,555281244
dimwishlist:item=766122634&perks=4090651448,689005463,2682205016,332733060
dimwishlist:item=766122634&perks=4090651448,689005463,2682205016,3418782618
dimwishlist:item=766122634&perks=4090651448,689005463,2682205016,1563455254
dimwishlist:item=766122634&perks=4090651448,689005463,1134488199,3078487919
dimwishlist:item=766122634&perks=4090651448,689005463,1134488199,3744057135
dimwishlist:item=766122634&perks=4090651448,689005463,1134488199,555281244
dimwishlist:item=766122634&perks=4090651448,689005463,1134488199,332733060
dimwishlist:item=766122634&perks=4090651448,689005463,1134488199,3418782618
dimwishlist:item=766122634&perks=4090651448,689005463,1134488199,1563455254
dimwishlist:item=766122634&perks=4090651448,689005463,2904194311,3078487919
dimwishlist:item=766122634&perks=4090651448,689005463,2904194311,3744057135
dimwishlist:item=766122634&perks=4090651448,689005463,2904194311,555281244
dimwishlist:item=766122634&perks=4090651448,689005463,2904194311,332733060
dimwishlist:item=766122634&perks=4090651448,689005463,2904194311,3418782618
dimwishlist:item=766122634&perks=4090651448,689005463,2904194311,1563455254
dimwishlist:item=766122634&perks=4090651448,2680121939,3987942396,3078487919
dimwishlist:item=766122634&perks=4090651448,2680121939,3987942396,3744057135
dimwishlist:item=766122634&perks=4090651448,2680121939,3987942396,555281244
dimwishlist:item=766122634&perks=4090651448,2680121939,3987942396,332733060
dimwishlist:item=766122634&perks=4090651448,2680121939,3987942396,3418782618
dimwishlist:item=766122634&perks=4090651448,2680121939,3987942396,1563455254
dimwishlist:item=766122634&perks=4090651448,2680121939,2817499044,3078487919
dimwishlist:item=766122634&perks=4090651448,2680121939,2817499044,3744057135
dimwishlist:item=766122634&perks=4090651448,2680121939,2817499044,555281244
dimwishlist:item=766122634&perks=4090651448,2680121939,2817499044,332733060
dimwishlist:item=766122634&perks=4090651448,2680121939,2817499044,3418782618
dimwishlist:item=766122634&perks=4090651448,2680121939,2817499044,1563455254
dimwishlist:item=766122634&perks=4090651448,2680121939,1523832109,3078487919
dimwishlist:item=766122634&perks=4090651448,2680121939,1523832109,3744057135
dimwishlist:item=766122634&perks=4090651448,2680121939,1523832109,555281244
dimwishlist:item=766122634&perks=4090651448,2680121939,1523832109,332733060
dimwishlist:item=766122634&perks=4090651448,2680121939,1523832109,3418782618
dimwishlist:item=766122634&perks=4090651448,2680121939,1523832109,1563455254
dimwishlist:item=766122634&perks=4090651448,2680121939,461595545,3078487919
dimwishlist:item=766122634&perks=4090651448,2680121939,461595545,3744057135
dimwishlist:item=766122634&perks=4090651448,2680121939,461595545,555281244
dimwishlist:item=766122634&perks=4090651448,2680121939,461595545,332733060
dimwishlist:item=766122634&perks=4090651448,2680121939,461595545,3418782618
dimwishlist:item=766122634&perks=4090651448,2680121939,461595545,1563455254
dimwishlist:item=766122634&perks=4090651448,2680121939,3643424744,3078487919
dimwishlist:item=766122634&perks=4090651448,2680121939,3643424744,3744057135
dimwishlist:item=766122634&perks=4090651448,2680121939,3643424744,555281244
dimwishlist:item=766122634&perks=4090651448,2680121939,3643424744,332733060
dimwishlist:item=766122634&perks=4090651448,2680121939,3643424744,3418782618
dimwishlist:item=766122634&perks=4090651448,2680121939,3643424744,1563455254
dimwishlist:item=766122634&perks=4090651448,2680121939,2682205016,3078487919
dimwishlist:item=766122634&perks=4090651448,2680121939,2682205016,3744057135
dimwishlist:item=766122634&perks=4090651448,2680121939,2682205016,555281244
dimwishlist:item=766122634&perks=4090651448,2680121939,2682205016,332733060
dimwishlist:item=766122634&perks=4090651448,2680121939,2682205016,3418782618
dimwishlist:item=766122634&perks=4090651448,2680121939,2682205016,1563455254
dimwishlist:item=766122634&perks=4090651448,2680121939,1134488199,3078487919
dimwishlist:item=766122634&perks=4090651448,2680121939,1134488199,3744057135
dimwishlist:item=766122634&perks=4090651448,2680121939,1134488199,555281244
dimwishlist:item=766122634&perks=4090651448,2680121939,1134488199,332733060
dimwishlist:item=766122634&perks=4090651448,2680121939,1134488199,3418782618
dimwishlist:item=766122634&perks=4090651448,2680121939,1134488199,1563455254
dimwishlist:item=766122634&perks=4090651448,2680121939,2904194311,3078487919
dimwishlist:item=766122634&perks=4090651448,2680121939,2904194311,3744057135
dimwishlist:item=766122634&perks=4090651448,2680121939,2904194311,555281244
dimwishlist:item=766122634&perks=4090651448,2680121939,2904194311,332733060
dimwishlist:item=766122634&perks=4090651448,2680121939,2904194311,3418782618
dimwishlist:item=766122634&perks=4090651448,2680121939,2904194311,1563455254


// Permafrost - Permafrost (pve)
//notes: tags:pve
dimwishlist:item=2922964484&perks=3523296417,11612903
dimwishlist:item=2922964484&perks=3523296417,2422968039
dimwishlist:item=2922964484&perks=3523296417,4049631843
dimwishlist:item=2922964484&perks=3523296417,859780267
dimwishlist:item=2922964484&perks=3523296417,113508675
dimwishlist:item=2922964484&perks=3523296417,177189259
dimwishlist:item=2922964484&perks=3523296417,2922950962
dimwishlist:item=2922964484&perks=3523296417,2078520142
dimwishlist:item=2922964484&perks=3523296417,691659142
dimwishlist:item=2922964484&perks=3523296417,536173722
dimwishlist:item=2922964484&perks=1906147653,11612903
dimwishlist:item=2922964484&perks=1906147653,2422968039
dimwishlist:item=2922964484&perks=1906147653,4049631843
dimwishlist:item=2922964484&perks=1906147653,859780267
dimwishlist:item=2922964484&perks=1906147653,113508675
dimwishlist:item=2922964484&perks=1906147653,177189259
dimwishlist:item=2922964484&perks=1906147653,2922950962
dimwishlist:item=2922964484&perks=1906147653,2078520142
dimwishlist:item=2922964484&perks=1906147653,691659142
dimwishlist:item=2922964484&perks=1906147653,536173722
dimwishlist:item=2922964484&perks=243981275,11612903
dimwishlist:item=2922964484&perks=243981275,2422968039
dimwishlist:item=2922964484&perks=243981275,4049631843
dimwishlist:item=2922964484&perks=243981275,859780267
dimwishlist:item=2922964484&perks=243981275,113508675
dimwishlist:item=2922964484&perks=243981275,177189259
dimwishlist:item=2922964484&perks=243981275,2922950962
dimwishlist:item=2922964484&perks=243981275,2078520142
dimwishlist:item=2922964484&perks=243981275,691659142
dimwishlist:item=2922964484&perks=243981275,536173722
dimwishlist:item=2922964484&perks=984655331,11612903
dimwishlist:item=2922964484&perks=984655331,2422968039
dimwishlist:item=2922964484&perks=984655331,4049631843
dimwishlist:item=2922964484&perks=984655331,859780267
dimwishlist:item=2922964484&perks=984655331,113508675
dimwishlist:item=2922964484&perks=984655331,177189259
dimwishlist:item=2922964484&perks=984655331,2922950962
dimwishlist:item=2922964484&perks=984655331,2078520142
dimwishlist:item=2922964484&perks=984655331,691659142
dimwishlist:item=2922964484&perks=984655331,536173722
dimwishlist:item=2922964484&perks=1955165503,11612903
dimwishlist:item=2922964484&perks=1955165503,2422968039
dimwishlist:item=2922964484&perks=1955165503,4049631843
dimwishlist:item=2922964484&perks=1955165503,859780267
dimwishlist:item=2922964484&perks=1955165503,113508675
dimwishlist:item=2922964484&perks=1955165503,177189259
dimwishlist:item=2922964484&perks=1955165503,2922950962
dimwishlist:item=2922964484&perks=1955165503,2078520142
dimwishlist:item=2922964484&perks=1955165503,691659142
dimwishlist:item=2922964484&perks=1955165503,536173722
dimwishlist:item=2922964484&perks=2617553311,11612903
dimwishlist:item=2922964484&perks=2617553311,2422968039
dimwishlist:item=2922964484&perks=2617553311,4049631843
dimwishlist:item=2922964484&perks=2617553311,859780267
dimwishlist:item=2922964484&perks=2617553311,113508675
dimwishlist:item=2922964484&perks=2617553311,177189259
dimwishlist:item=2922964484&perks=2617553311,2922950962
dimwishlist:item=2922964484&perks=2617553311,2078520142
dimwishlist:item=2922964484&perks=2617553311,691659142
dimwishlist:item=2922964484&perks=2617553311,536173722
dimwishlist:item=2922964484&perks=3643424744,11612903
dimwishlist:item=2922964484&perks=3643424744,2422968039
dimwishlist:item=2922964484&perks=3643424744,4049631843
dimwishlist:item=2922964484&perks=3643424744,859780267
dimwishlist:item=2922964484&perks=3643424744,113508675
dimwishlist:item=2922964484&perks=3643424744,177189259
dimwishlist:item=2922964484&perks=3643424744,2922950962
dimwishlist:item=2922964484&perks=3643424744,2078520142
dimwishlist:item=2922964484&perks=3643424744,691659142
dimwishlist:item=2922964484&perks=3643424744,536173722
dimwishlist:item=2922964484&perks=1017229899,11612903
dimwishlist:item=2922964484&perks=1017229899,2422968039
dimwishlist:item=2922964484&perks=1017229899,4049631843
dimwishlist:item=2922964484&perks=1017229899,859780267
dimwishlist:item=2922964484&perks=1017229899,113508675
dimwishlist:item=2922964484&perks=1017229899,177189259
dimwishlist:item=2922964484&perks=1017229899,2922950962
dimwishlist:item=2922964484&perks=1017229899,2078520142
dimwishlist:item=2922964484&perks=1017229899,691659142
dimwishlist:item=2922964484&perks=1017229899,536173722
dimwishlist:item=2922964484&perks=1556840489,11612903
dimwishlist:item=2922964484&perks=1556840489,2422968039
dimwishlist:item=2922964484&perks=1556840489,4049631843
dimwishlist:item=2922964484&perks=1556840489,859780267
dimwishlist:item=2922964484&perks=1556840489,113508675
dimwishlist:item=2922964484&perks=1556840489,177189259
dimwishlist:item=2922964484&perks=1556840489,2922950962
dimwishlist:item=2922964484&perks=1556840489,2078520142
dimwishlist:item=2922964484&perks=1556840489,691659142
dimwishlist:item=2922964484&perks=1556840489,536173722
dimwishlist:item=2922964484&perks=2682205016,11612903
dimwishlist:item=2922964484&perks=2682205016,2422968039
dimwishlist:item=2922964484&perks=2682205016,4049631843
dimwishlist:item=2922964484&perks=2682205016,859780267
dimwishlist:item=2922964484&perks=2682205016,113508675
dimwishlist:item=2922964484&perks=2682205016,177189259
dimwishlist:item=2922964484&perks=2682205016,2922950962
dimwishlist:item=2922964484&perks=2682205016,2078520142
dimwishlist:item=2922964484&perks=2682205016,691659142
dimwishlist:item=2922964484&perks=2682205016,536173722
dimwishlist:item=2922964484&perks=3696140595,11612903
dimwishlist:item=2922964484&perks=3696140595,2422968039
dimwishlist:item=2922964484&perks=3696140595,4049631843
dimwishlist:item=2922964484&perks=3696140595,859780267
dimwishlist:item=2922964484&perks=3696140595,113508675
dimwishlist:item=2922964484&perks=3696140595,177189259
dimwishlist:item=2922964484&perks=3696140595,2922950962
dimwishlist:item=2922964484&perks=3696140595,2078520142
dimwishlist:item=2922964484&perks=3696140595,691659142
dimwishlist:item=2922964484&perks=3696140595,536173722
dimwishlist:item=2922964484&perks=3442762221,11612903
dimwishlist:item=2922964484&perks=3442762221,2422968039
dimwishlist:item=2922964484&perks=3442762221,4049631843
dimwishlist:item=2922964484&perks=3442762221,859780267
dimwishlist:item=2922964484&perks=3442762221,113508675
dimwishlist:item=2922964484&perks=3442762221,177189259
dimwishlist:item=2922964484&perks=3442762221,2922950962
dimwishlist:item=2922964484&perks=3442762221,2078520142
dimwishlist:item=2922964484&perks=3442762221,691659142
dimwishlist:item=2922964484&perks=3442762221,536173722


// Fimbulwinter Stitch -  Fimbulwinter Stitch (god-pve)
//notes: 1st tags:god-pve
dimwishlist:item=3685829362&perks=839105230,2420895100,247725512,1015611457
dimwishlist:item=3685829362&perks=839105230,2420895100,247725512,2923251173
dimwishlist:item=3685829362&perks=839105230,2420895100,2938480696,1015611457
dimwishlist:item=3685829362&perks=839105230,2420895100,2938480696,2923251173
dimwishlist:item=3685829362&perks=839105230,1431678320,247725512,1015611457
dimwishlist:item=3685829362&perks=839105230,1431678320,247725512,2923251173
dimwishlist:item=3685829362&perks=839105230,1431678320,2938480696,1015611457
dimwishlist:item=3685829362&perks=839105230,1431678320,2938480696,2923251173
dimwishlist:item=3685829362&perks=839105230,1087426260,247725512,1015611457
dimwishlist:item=3685829362&perks=839105230,1087426260,247725512,2923251173
dimwishlist:item=3685829362&perks=839105230,1087426260,2938480696,1015611457
dimwishlist:item=3685829362&perks=839105230,1087426260,2938480696,2923251173
dimwishlist:item=3685829362&perks=839105230,1968497646,247725512,1015611457
dimwishlist:item=3685829362&perks=839105230,1968497646,247725512,2923251173
dimwishlist:item=3685829362&perks=839105230,1968497646,2938480696,1015611457
dimwishlist:item=3685829362&perks=839105230,1968497646,2938480696,2923251173
dimwishlist:item=3685829362&perks=839105230,1561002382,247725512,1015611457
dimwishlist:item=3685829362&perks=839105230,1561002382,247725512,2923251173
dimwishlist:item=3685829362&perks=839105230,1561002382,2938480696,1015611457
dimwishlist:item=3685829362&perks=839105230,1561002382,2938480696,2923251173
dimwishlist:item=3685829362&perks=839105230,1885400500,247725512,1015611457
dimwishlist:item=3685829362&perks=839105230,1885400500,247725512,2923251173
dimwishlist:item=3685829362&perks=839105230,1885400500,2938480696,1015611457
dimwishlist:item=3685829362&perks=839105230,1885400500,2938480696,2923251173
dimwishlist:item=3685829362&perks=3661387068,2420895100,247725512,1015611457
dimwishlist:item=3685829362&perks=3661387068,2420895100,247725512,2923251173
dimwishlist:item=3685829362&perks=3661387068,2420895100,2938480696,1015611457
dimwishlist:item=3685829362&perks=3661387068,2420895100,2938480696,2923251173
dimwishlist:item=3685829362&perks=3661387068,1431678320,247725512,1015611457
dimwishlist:item=3685829362&perks=3661387068,1431678320,247725512,2923251173
dimwishlist:item=3685829362&perks=3661387068,1431678320,2938480696,1015611457
dimwishlist:item=3685829362&perks=3661387068,1431678320,2938480696,2923251173
dimwishlist:item=3685829362&perks=3661387068,1087426260,247725512,1015611457
dimwishlist:item=3685829362&perks=3661387068,1087426260,247725512,2923251173
dimwishlist:item=3685829362&perks=3661387068,1087426260,2938480696,1015611457
dimwishlist:item=3685829362&perks=3661387068,1087426260,2938480696,2923251173
dimwishlist:item=3685829362&perks=3661387068,1968497646,247725512,1015611457
dimwishlist:item=3685829362&perks=3661387068,1968497646,247725512,2923251173
dimwishlist:item=3685829362&perks=3661387068,1968497646,2938480696,1015611457
dimwishlist:item=3685829362&perks=3661387068,1968497646,2938480696,2923251173
dimwishlist:item=3685829362&perks=3661387068,1561002382,247725512,1015611457
dimwishlist:item=3685829362&perks=3661387068,1561002382,247725512,2923251173
dimwishlist:item=3685829362&perks=3661387068,1561002382,2938480696,1015611457
dimwishlist:item=3685829362&perks=3661387068,1561002382,2938480696,2923251173
dimwishlist:item=3685829362&perks=3661387068,1885400500,247725512,1015611457
dimwishlist:item=3685829362&perks=3661387068,1885400500,247725512,2923251173
dimwishlist:item=3685829362&perks=3661387068,1885400500,2938480696,1015611457
dimwishlist:item=3685829362&perks=3661387068,1885400500,2938480696,2923251173
dimwishlist:item=3685829362&perks=4090651448,2420895100,247725512,1015611457
dimwishlist:item=3685829362&perks=4090651448,2420895100,247725512,2923251173
dimwishlist:item=3685829362&perks=4090651448,2420895100,2938480696,1015611457
dimwishlist:item=3685829362&perks=4090651448,2420895100,2938480696,2923251173
dimwishlist:item=3685829362&perks=4090651448,1431678320,247725512,1015611457
dimwishlist:item=3685829362&perks=4090651448,1431678320,247725512,2923251173
dimwishlist:item=3685829362&perks=4090651448,1431678320,2938480696,1015611457
dimwishlist:item=3685829362&perks=4090651448,1431678320,2938480696,2923251173
dimwishlist:item=3685829362&perks=4090651448,1087426260,247725512,1015611457
dimwishlist:item=3685829362&perks=4090651448,1087426260,247725512,2923251173
dimwishlist:item=3685829362&perks=4090651448,1087426260,2938480696,1015611457
dimwishlist:item=3685829362&perks=4090651448,1087426260,2938480696,2923251173
dimwishlist:item=3685829362&perks=4090651448,1968497646,247725512,1015611457
dimwishlist:item=3685829362&perks=4090651448,1968497646,247725512,2923251173
dimwishlist:item=3685829362&perks=4090651448,1968497646,2938480696,1015611457
dimwishlist:item=3685829362&perks=4090651448,1968497646,2938480696,2923251173
dimwishlist:item=3685829362&perks=4090651448,1561002382,247725512,1015611457
dimwishlist:item=3685829362&perks=4090651448,1561002382,247725512,2923251173
dimwishlist:item=3685829362&perks=4090651448,1561002382,2938480696,1015611457
dimwishlist:item=3685829362&perks=4090651448,1561002382,2938480696,2923251173
dimwishlist:item=3685829362&perks=4090651448,1885400500,247725512,1015611457
dimwishlist:item=3685829362&perks=4090651448,1885400500,247725512,2923251173
dimwishlist:item=3685829362&perks=4090651448,1885400500,2938480696,1015611457
dimwishlist:item=3685829362&perks=4090651448,1885400500,2938480696,2923251173


// Fimbulwinter Stitch -  Fimbulwinter Stitch (god-pve)
//notes: 2nd trickel 3rd rapid tags:god-pve
dimwishlist:item=3685829362&perks=839105230,2420895100,1115162408,3966416502
dimwishlist:item=3685829362&perks=839105230,2420895100,1115162408,717070634
dimwishlist:item=3685829362&perks=839105230,2420895100,511499160,3966416502
dimwishlist:item=3685829362&perks=839105230,2420895100,511499160,717070634
dimwishlist:item=3685829362&perks=839105230,2420895100,247725512,3966416502
dimwishlist:item=3685829362&perks=839105230,2420895100,247725512,717070634
dimwishlist:item=3685829362&perks=839105230,2420895100,2938480696,3966416502
dimwishlist:item=3685829362&perks=839105230,2420895100,2938480696,717070634
dimwishlist:item=3685829362&perks=839105230,1431678320,1115162408,3966416502
dimwishlist:item=3685829362&perks=839105230,1431678320,1115162408,717070634
dimwishlist:item=3685829362&perks=839105230,1431678320,511499160,3966416502
dimwishlist:item=3685829362&perks=839105230,1431678320,511499160,717070634
dimwishlist:item=3685829362&perks=839105230,1431678320,247725512,3966416502
dimwishlist:item=3685829362&perks=839105230,1431678320,247725512,717070634
dimwishlist:item=3685829362&perks=839105230,1431678320,2938480696,3966416502
dimwishlist:item=3685829362&perks=839105230,1431678320,2938480696,717070634
dimwishlist:item=3685829362&perks=839105230,1087426260,1115162408,3966416502
dimwishlist:item=3685829362&perks=839105230,1087426260,1115162408,717070634
dimwishlist:item=3685829362&perks=839105230,1087426260,511499160,3966416502
dimwishlist:item=3685829362&perks=839105230,1087426260,511499160,717070634
dimwishlist:item=3685829362&perks=839105230,1087426260,247725512,3966416502
dimwishlist:item=3685829362&perks=839105230,1087426260,247725512,717070634
dimwishlist:item=3685829362&perks=839105230,1087426260,2938480696,3966416502
dimwishlist:item=3685829362&perks=839105230,1087426260,2938480696,717070634
dimwishlist:item=3685829362&perks=839105230,1968497646,1115162408,3966416502
dimwishlist:item=3685829362&perks=839105230,1968497646,1115162408,717070634
dimwishlist:item=3685829362&perks=839105230,1968497646,511499160,3966416502
dimwishlist:item=3685829362&perks=839105230,1968497646,511499160,717070634
dimwishlist:item=3685829362&perks=839105230,1968497646,247725512,3966416502
dimwishlist:item=3685829362&perks=839105230,1968497646,247725512,717070634
dimwishlist:item=3685829362&perks=839105230,1968497646,2938480696,3966416502
dimwishlist:item=3685829362&perks=839105230,1968497646,2938480696,717070634
dimwishlist:item=3685829362&perks=839105230,1561002382,1115162408,3966416502
dimwishlist:item=3685829362&perks=839105230,1561002382,1115162408,717070634
dimwishlist:item=3685829362&perks=839105230,1561002382,511499160,3966416502
dimwishlist:item=3685829362&perks=839105230,1561002382,511499160,717070634
dimwishlist:item=3685829362&perks=839105230,1561002382,247725512,3966416502
dimwishlist:item=3685829362&perks=839105230,1561002382,247725512,717070634
dimwishlist:item=3685829362&perks=839105230,1561002382,2938480696,3966416502
dimwishlist:item=3685829362&perks=839105230,1561002382,2938480696,717070634
dimwishlist:item=3685829362&perks=839105230,1885400500,1115162408,3966416502
dimwishlist:item=3685829362&perks=839105230,1885400500,1115162408,717070634
dimwishlist:item=3685829362&perks=839105230,1885400500,511499160,3966416502
dimwishlist:item=3685829362&perks=839105230,1885400500,511499160,717070634
dimwishlist:item=3685829362&perks=839105230,1885400500,247725512,3966416502
dimwishlist:item=3685829362&perks=839105230,1885400500,247725512,717070634
dimwishlist:item=3685829362&perks=839105230,1885400500,2938480696,3966416502
dimwishlist:item=3685829362&perks=839105230,1885400500,2938480696,717070634
dimwishlist:item=3685829362&perks=3661387068,2420895100,1115162408,3966416502
dimwishlist:item=3685829362&perks=3661387068,2420895100,1115162408,717070634
dimwishlist:item=3685829362&perks=3661387068,2420895100,511499160,3966416502
dimwishlist:item=3685829362&perks=3661387068,2420895100,511499160,717070634
dimwishlist:item=3685829362&perks=3661387068,2420895100,247725512,3966416502
dimwishlist:item=3685829362&perks=3661387068,2420895100,247725512,717070634
dimwishlist:item=3685829362&perks=3661387068,2420895100,2938480696,3966416502
dimwishlist:item=3685829362&perks=3661387068,2420895100,2938480696,717070634
dimwishlist:item=3685829362&perks=3661387068,1431678320,1115162408,3966416502
dimwishlist:item=3685829362&perks=3661387068,1431678320,1115162408,717070634
dimwishlist:item=3685829362&perks=3661387068,1431678320,511499160,3966416502
dimwishlist:item=3685829362&perks=3661387068,1431678320,511499160,717070634
dimwishlist:item=3685829362&perks=3661387068,1431678320,247725512,3966416502
dimwishlist:item=3685829362&perks=3661387068,1431678320,247725512,717070634
dimwishlist:item=3685829362&perks=3661387068,1431678320,2938480696,3966416502
dimwishlist:item=3685829362&perks=3661387068,1431678320,2938480696,717070634
dimwishlist:item=3685829362&perks=3661387068,1087426260,1115162408,3966416502
dimwishlist:item=3685829362&perks=3661387068,1087426260,1115162408,717070634
dimwishlist:item=3685829362&perks=3661387068,1087426260,511499160,3966416502
dimwishlist:item=3685829362&perks=3661387068,1087426260,511499160,717070634
dimwishlist:item=3685829362&perks=3661387068,1087426260,247725512,3966416502
dimwishlist:item=3685829362&perks=3661387068,1087426260,247725512,717070634
dimwishlist:item=3685829362&perks=3661387068,1087426260,2938480696,3966416502
dimwishlist:item=3685829362&perks=3661387068,1087426260,2938480696,717070634
dimwishlist:item=3685829362&perks=3661387068,1968497646,1115162408,3966416502
dimwishlist:item=3685829362&perks=3661387068,1968497646,1115162408,717070634
dimwishlist:item=3685829362&perks=3661387068,1968497646,511499160,3966416502
dimwishlist:item=3685829362&perks=3661387068,1968497646,511499160,717070634
dimwishlist:item=3685829362&perks=3661387068,1968497646,247725512,3966416502
dimwishlist:item=3685829362&perks=3661387068,1968497646,247725512,717070634
dimwishlist:item=3685829362&perks=3661387068,1968497646,2938480696,3966416502
dimwishlist:item=3685829362&perks=3661387068,1968497646,2938480696,717070634
dimwishlist:item=3685829362&perks=3661387068,1561002382,1115162408,3966416502
dimwishlist:item=3685829362&perks=3661387068,1561002382,1115162408,717070634
dimwishlist:item=3685829362&perks=3661387068,1561002382,511499160,3966416502
dimwishlist:item=3685829362&perks=3661387068,1561002382,511499160,717070634
dimwishlist:item=3685829362&perks=3661387068,1561002382,247725512,3966416502
dimwishlist:item=3685829362&perks=3661387068,1561002382,247725512,717070634
dimwishlist:item=3685829362&perks=3661387068,1561002382,2938480696,3966416502
dimwishlist:item=3685829362&perks=3661387068,1561002382,2938480696,717070634
dimwishlist:item=3685829362&perks=3661387068,1885400500,1115162408,3966416502
dimwishlist:item=3685829362&perks=3661387068,1885400500,1115162408,717070634
dimwishlist:item=3685829362&perks=3661387068,1885400500,511499160,3966416502
dimwishlist:item=3685829362&perks=3661387068,1885400500,511499160,717070634
dimwishlist:item=3685829362&perks=3661387068,1885400500,247725512,3966416502
dimwishlist:item=3685829362&perks=3661387068,1885400500,247725512,717070634
dimwishlist:item=3685829362&perks=3661387068,1885400500,2938480696,3966416502
dimwishlist:item=3685829362&perks=3661387068,1885400500,2938480696,717070634
dimwishlist:item=3685829362&perks=4090651448,2420895100,1115162408,3966416502
dimwishlist:item=3685829362&perks=4090651448,2420895100,1115162408,717070634
dimwishlist:item=3685829362&perks=4090651448,2420895100,511499160,3966416502
dimwishlist:item=3685829362&perks=4090651448,2420895100,511499160,717070634
dimwishlist:item=3685829362&perks=4090651448,2420895100,247725512,3966416502
dimwishlist:item=3685829362&perks=4090651448,2420895100,247725512,717070634
dimwishlist:item=3685829362&perks=4090651448,2420895100,2938480696,3966416502
dimwishlist:item=3685829362&perks=4090651448,2420895100,2938480696,717070634
dimwishlist:item=3685829362&perks=4090651448,1431678320,1115162408,3966416502
dimwishlist:item=3685829362&perks=4090651448,1431678320,1115162408,717070634
dimwishlist:item=3685829362&perks=4090651448,1431678320,511499160,3966416502
dimwishlist:item=3685829362&perks=4090651448,1431678320,511499160,717070634
dimwishlist:item=3685829362&perks=4090651448,1431678320,247725512,3966416502
dimwishlist:item=3685829362&perks=4090651448,1431678320,247725512,717070634
dimwishlist:item=3685829362&perks=4090651448,1431678320,2938480696,3966416502
dimwishlist:item=3685829362&perks=4090651448,1431678320,2938480696,717070634
dimwishlist:item=3685829362&perks=4090651448,1087426260,1115162408,3966416502
dimwishlist:item=3685829362&perks=4090651448,1087426260,1115162408,717070634
dimwishlist:item=3685829362&perks=4090651448,1087426260,511499160,3966416502
dimwishlist:item=3685829362&perks=4090651448,1087426260,511499160,717070634
dimwishlist:item=3685829362&perks=4090651448,1087426260,247725512,3966416502
dimwishlist:item=3685829362&perks=4090651448,1087426260,247725512,717070634
dimwishlist:item=3685829362&perks=4090651448,1087426260,2938480696,3966416502
dimwishlist:item=3685829362&perks=4090651448,1087426260,2938480696,717070634
dimwishlist:item=3685829362&perks=4090651448,1968497646,1115162408,3966416502
dimwishlist:item=3685829362&perks=4090651448,1968497646,1115162408,717070634
dimwishlist:item=3685829362&perks=4090651448,1968497646,511499160,3966416502
dimwishlist:item=3685829362&perks=4090651448,1968497646,511499160,717070634
dimwishlist:item=3685829362&perks=4090651448,1968497646,247725512,3966416502
dimwishlist:item=3685829362&perks=4090651448,1968497646,247725512,717070634
dimwishlist:item=3685829362&perks=4090651448,1968497646,2938480696,3966416502
dimwishlist:item=3685829362&perks=4090651448,1968497646,2938480696,717070634
dimwishlist:item=3685829362&perks=4090651448,1561002382,1115162408,3966416502
dimwishlist:item=3685829362&perks=4090651448,1561002382,1115162408,717070634
dimwishlist:item=3685829362&perks=4090651448,1561002382,511499160,3966416502
dimwishlist:item=3685829362&perks=4090651448,1561002382,511499160,717070634
dimwishlist:item=3685829362&perks=4090651448,1561002382,247725512,3966416502
dimwishlist:item=3685829362&perks=4090651448,1561002382,247725512,717070634
dimwishlist:item=3685829362&perks=4090651448,1561002382,2938480696,3966416502
dimwishlist:item=3685829362&perks=4090651448,1561002382,2938480696,717070634
dimwishlist:item=3685829362&perks=4090651448,1885400500,1115162408,3966416502
dimwishlist:item=3685829362&perks=4090651448,1885400500,1115162408,717070634
dimwishlist:item=3685829362&perks=4090651448,1885400500,511499160,3966416502
dimwishlist:item=3685829362&perks=4090651448,1885400500,511499160,717070634
dimwishlist:item=3685829362&perks=4090651448,1885400500,247725512,3966416502
dimwishlist:item=3685829362&perks=4090651448,1885400500,247725512,717070634
dimwishlist:item=3685829362&perks=4090651448,1885400500,2938480696,3966416502
dimwishlist:item=3685829362&perks=4090651448,1885400500,2938480696,717070634


// Fimbulwinter Stitch -  Fimbulwinter Stitch (god-pve)
//notes: tags:god-pve
dimwishlist:item=3685829362&perks=839105230,2420895100,1115162408,3966416502
dimwishlist:item=3685829362&perks=839105230,2420895100,1115162408,717070634
dimwishlist:item=3685829362&perks=839105230,2420895100,1115162408,3218042543
dimwishlist:item=3685829362&perks=839105230,2420895100,1115162408,2633604463
dimwishlist:item=3685829362&perks=839105230,2420895100,511499160,3966416502
dimwishlist:item=3685829362&perks=839105230,2420895100,511499160,717070634
dimwishlist:item=3685829362&perks=839105230,2420895100,511499160,3218042543
dimwishlist:item=3685829362&perks=839105230,2420895100,511499160,2633604463
dimwishlist:item=3685829362&perks=839105230,2420895100,247725512,3966416502
dimwishlist:item=3685829362&perks=839105230,2420895100,247725512,717070634
dimwishlist:item=3685829362&perks=839105230,2420895100,247725512,3218042543
dimwishlist:item=3685829362&perks=839105230,2420895100,247725512,2633604463
dimwishlist:item=3685829362&perks=839105230,2420895100,2938480696,3966416502
dimwishlist:item=3685829362&perks=839105230,2420895100,2938480696,717070634
dimwishlist:item=3685829362&perks=839105230,2420895100,2938480696,3218042543
dimwishlist:item=3685829362&perks=839105230,2420895100,2938480696,2633604463
dimwishlist:item=3685829362&perks=839105230,2420895100,1511100135,3966416502
dimwishlist:item=3685829362&perks=839105230,2420895100,1511100135,717070634
dimwishlist:item=3685829362&perks=839105230,2420895100,1511100135,3218042543
dimwishlist:item=3685829362&perks=839105230,2420895100,1511100135,2633604463
dimwishlist:item=3685829362&perks=839105230,2420895100,65604327,3966416502
dimwishlist:item=3685829362&perks=839105230,2420895100,65604327,717070634
dimwishlist:item=3685829362&perks=839105230,2420895100,65604327,3218042543
dimwishlist:item=3685829362&perks=839105230,2420895100,65604327,2633604463
dimwishlist:item=3685829362&perks=839105230,1431678320,1115162408,3966416502
dimwishlist:item=3685829362&perks=839105230,1431678320,1115162408,717070634
dimwishlist:item=3685829362&perks=839105230,1431678320,1115162408,3218042543
dimwishlist:item=3685829362&perks=839105230,1431678320,1115162408,2633604463
dimwishlist:item=3685829362&perks=839105230,1431678320,511499160,3966416502
dimwishlist:item=3685829362&perks=839105230,1431678320,511499160,717070634
dimwishlist:item=3685829362&perks=839105230,1431678320,511499160,3218042543
dimwishlist:item=3685829362&perks=839105230,1431678320,511499160,2633604463
dimwishlist:item=3685829362&perks=839105230,1431678320,247725512,3966416502
dimwishlist:item=3685829362&perks=839105230,1431678320,247725512,717070634
dimwishlist:item=3685829362&perks=839105230,1431678320,247725512,3218042543
dimwishlist:item=3685829362&perks=839105230,1431678320,247725512,2633604463
dimwishlist:item=3685829362&perks=839105230,1431678320,2938480696,3966416502
dimwishlist:item=3685829362&perks=839105230,1431678320,2938480696,717070634
dimwishlist:item=3685829362&perks=839105230,1431678320,2938480696,3218042543
dimwishlist:item=3685829362&perks=839105230,1431678320,2938480696,2633604463
dimwishlist:item=3685829362&perks=839105230,1431678320,1511100135,3966416502
dimwishlist:item=3685829362&perks=839105230,1431678320,1511100135,717070634
dimwishlist:item=3685829362&perks=839105230,1431678320,1511100135,3218042543
dimwishlist:item=3685829362&perks=839105230,1431678320,1511100135,2633604463
dimwishlist:item=3685829362&perks=839105230,1431678320,65604327,3966416502
dimwishlist:item=3685829362&perks=839105230,1431678320,65604327,717070634
dimwishlist:item=3685829362&perks=839105230,1431678320,65604327,3218042543
dimwishlist:item=3685829362&perks=839105230,1431678320,65604327,2633604463
dimwishlist:item=3685829362&perks=839105230,1087426260,1115162408,3966416502
dimwishlist:item=3685829362&perks=839105230,1087426260,1115162408,717070634
dimwishlist:item=3685829362&perks=839105230,1087426260,1115162408,3218042543
dimwishlist:item=3685829362&perks=839105230,1087426260,1115162408,2633604463
dimwishlist:item=3685829362&perks=839105230,1087426260,511499160,3966416502
dimwishlist:item=3685829362&perks=839105230,1087426260,511499160,717070634
dimwishlist:item=3685829362&perks=839105230,1087426260,511499160,3218042543
dimwishlist:item=3685829362&perks=839105230,1087426260,511499160,2633604463
dimwishlist:item=3685829362&perks=839105230,1087426260,247725512,3966416502
dimwishlist:item=3685829362&perks=839105230,1087426260,247725512,717070634
dimwishlist:item=3685829362&perks=839105230,1087426260,247725512,3218042543
dimwishlist:item=3685829362&perks=839105230,1087426260,247725512,2633604463
dimwishlist:item=3685829362&perks=839105230,1087426260,2938480696,3966416502
dimwishlist:item=3685829362&perks=839105230,1087426260,2938480696,717070634
dimwishlist:item=3685829362&perks=839105230,1087426260,2938480696,3218042543
dimwishlist:item=3685829362&perks=839105230,1087426260,2938480696,2633604463
dimwishlist:item=3685829362&perks=839105230,1087426260,1511100135,3966416502
dimwishlist:item=3685829362&perks=839105230,1087426260,1511100135,717070634
dimwishlist:item=3685829362&perks=839105230,1087426260,1511100135,3218042543
dimwishlist:item=3685829362&perks=839105230,1087426260,1511100135,2633604463
dimwishlist:item=3685829362&perks=839105230,1087426260,65604327,3966416502
dimwishlist:item=3685829362&perks=839105230,1087426260,65604327,717070634
dimwishlist:item=3685829362&perks=839105230,1087426260,65604327,3218042543
dimwishlist:item=3685829362&perks=839105230,1087426260,65604327,2633604463
dimwishlist:item=3685829362&perks=839105230,1968497646,1115162408,3966416502
dimwishlist:item=3685829362&perks=839105230,1968497646,1115162408,717070634
dimwishlist:item=3685829362&perks=839105230,1968497646,1115162408,3218042543
dimwishlist:item=3685829362&perks=839105230,1968497646,1115162408,2633604463
dimwishlist:item=3685829362&perks=839105230,1968497646,511499160,3966416502
dimwishlist:item=3685829362&perks=839105230,1968497646,511499160,717070634
dimwishlist:item=3685829362&perks=839105230,1968497646,511499160,3218042543
dimwishlist:item=3685829362&perks=839105230,1968497646,511499160,2633604463
dimwishlist:item=3685829362&perks=839105230,1968497646,247725512,3966416502
dimwishlist:item=3685829362&perks=839105230,1968497646,247725512,717070634
dimwishlist:item=3685829362&perks=839105230,1968497646,247725512,3218042543
dimwishlist:item=3685829362&perks=839105230,1968497646,247725512,2633604463
dimwishlist:item=3685829362&perks=839105230,1968497646,2938480696,3966416502
dimwishlist:item=3685829362&perks=839105230,1968497646,2938480696,717070634
dimwishlist:item=3685829362&perks=839105230,1968497646,2938480696,3218042543
dimwishlist:item=3685829362&perks=839105230,1968497646,2938480696,2633604463
dimwishlist:item=3685829362&perks=839105230,1968497646,1511100135,3966416502
dimwishlist:item=3685829362&perks=839105230,1968497646,1511100135,717070634
dimwishlist:item=3685829362&perks=839105230,1968497646,1511100135,3218042543
dimwishlist:item=3685829362&perks=839105230,1968497646,1511100135,2633604463
dimwishlist:item=3685829362&perks=839105230,1968497646,65604327,3966416502
dimwishlist:item=3685829362&perks=839105230,1968497646,65604327,717070634
dimwishlist:item=3685829362&perks=839105230,1968497646,65604327,3218042543
dimwishlist:item=3685829362&perks=839105230,1968497646,65604327,2633604463
dimwishlist:item=3685829362&perks=839105230,1561002382,1115162408,3966416502
dimwishlist:item=3685829362&perks=839105230,1561002382,1115162408,717070634
dimwishlist:item=3685829362&perks=839105230,1561002382,1115162408,3218042543
dimwishlist:item=3685829362&perks=839105230,1561002382,1115162408,2633604463
dimwishlist:item=3685829362&perks=839105230,1561002382,511499160,3966416502
dimwishlist:item=3685829362&perks=839105230,1561002382,511499160,717070634
dimwishlist:item=3685829362&perks=839105230,1561002382,511499160,3218042543
dimwishlist:item=3685829362&perks=839105230,1561002382,511499160,2633604463
dimwishlist:item=3685829362&perks=839105230,1561002382,247725512,3966416502
dimwishlist:item=3685829362&perks=839105230,1561002382,247725512,717070634
dimwishlist:item=3685829362&perks=839105230,1561002382,247725512,3218042543
dimwishlist:item=3685829362&perks=839105230,1561002382,247725512,2633604463
dimwishlist:item=3685829362&perks=839105230,1561002382,2938480696,3966416502
dimwishlist:item=3685829362&perks=839105230,1561002382,2938480696,717070634
dimwishlist:item=3685829362&perks=839105230,1561002382,2938480696,3218042543
dimwishlist:item=3685829362&perks=839105230,1561002382,2938480696,2633604463
dimwishlist:item=3685829362&perks=839105230,1561002382,1511100135,3966416502
dimwishlist:item=3685829362&perks=839105230,1561002382,1511100135,717070634
dimwishlist:item=3685829362&perks=839105230,1561002382,1511100135,3218042543
dimwishlist:item=3685829362&perks=839105230,1561002382,1511100135,2633604463
dimwishlist:item=3685829362&perks=839105230,1561002382,65604327,3966416502
dimwishlist:item=3685829362&perks=839105230,1561002382,65604327,717070634
dimwishlist:item=3685829362&perks=839105230,1561002382,65604327,3218042543
dimwishlist:item=3685829362&perks=839105230,1561002382,65604327,2633604463
dimwishlist:item=3685829362&perks=839105230,1885400500,1115162408,3966416502
dimwishlist:item=3685829362&perks=839105230,1885400500,1115162408,717070634
dimwishlist:item=3685829362&perks=839105230,1885400500,1115162408,3218042543
dimwishlist:item=3685829362&perks=839105230,1885400500,1115162408,2633604463
dimwishlist:item=3685829362&perks=839105230,1885400500,511499160,3966416502
dimwishlist:item=3685829362&perks=839105230,1885400500,511499160,717070634
dimwishlist:item=3685829362&perks=839105230,1885400500,511499160,3218042543
dimwishlist:item=3685829362&perks=839105230,1885400500,511499160,2633604463
dimwishlist:item=3685829362&perks=839105230,1885400500,247725512,3966416502
dimwishlist:item=3685829362&perks=839105230,1885400500,247725512,717070634
dimwishlist:item=3685829362&perks=839105230,1885400500,247725512,3218042543
dimwishlist:item=3685829362&perks=839105230,1885400500,247725512,2633604463
dimwishlist:item=3685829362&perks=839105230,1885400500,2938480696,3966416502
dimwishlist:item=3685829362&perks=839105230,1885400500,2938480696,717070634
dimwishlist:item=3685829362&perks=839105230,1885400500,2938480696,3218042543
dimwishlist:item=3685829362&perks=839105230,1885400500,2938480696,2633604463
dimwishlist:item=3685829362&perks=839105230,1885400500,1511100135,3966416502
dimwishlist:item=3685829362&perks=839105230,1885400500,1511100135,717070634
dimwishlist:item=3685829362&perks=839105230,1885400500,1511100135,3218042543
dimwishlist:item=3685829362&perks=839105230,1885400500,1511100135,2633604463
dimwishlist:item=3685829362&perks=839105230,1885400500,65604327,3966416502
dimwishlist:item=3685829362&perks=839105230,1885400500,65604327,717070634
dimwishlist:item=3685829362&perks=839105230,1885400500,65604327,3218042543
dimwishlist:item=3685829362&perks=839105230,1885400500,65604327,2633604463
dimwishlist:item=3685829362&perks=3661387068,2420895100,1115162408,3966416502
dimwishlist:item=3685829362&perks=3661387068,2420895100,1115162408,717070634
dimwishlist:item=3685829362&perks=3661387068,2420895100,1115162408,3218042543
dimwishlist:item=3685829362&perks=3661387068,2420895100,1115162408,2633604463
dimwishlist:item=3685829362&perks=3661387068,2420895100,511499160,3966416502
dimwishlist:item=3685829362&perks=3661387068,2420895100,511499160,717070634
dimwishlist:item=3685829362&perks=3661387068,2420895100,511499160,3218042543
dimwishlist:item=3685829362&perks=3661387068,2420895100,511499160,2633604463
dimwishlist:item=3685829362&perks=3661387068,2420895100,247725512,3966416502
dimwishlist:item=3685829362&perks=3661387068,2420895100,247725512,717070634
dimwishlist:item=3685829362&perks=3661387068,2420895100,247725512,3218042543
dimwishlist:item=3685829362&perks=3661387068,2420895100,247725512,2633604463
dimwishlist:item=3685829362&perks=3661387068,2420895100,2938480696,3966416502
dimwishlist:item=3685829362&perks=3661387068,2420895100,2938480696,717070634
dimwishlist:item=3685829362&perks=3661387068,2420895100,2938480696,3218042543
dimwishlist:item=3685829362&perks=3661387068,2420895100,2938480696,2633604463
dimwishlist:item=3685829362&perks=3661387068,2420895100,1511100135,3966416502
dimwishlist:item=3685829362&perks=3661387068,2420895100,1511100135,717070634
dimwishlist:item=3685829362&perks=3661387068,2420895100,1511100135,3218042543
dimwishlist:item=3685829362&perks=3661387068,2420895100,1511100135,2633604463
dimwishlist:item=3685829362&perks=3661387068,2420895100,65604327,3966416502
dimwishlist:item=3685829362&perks=3661387068,2420895100,65604327,717070634
dimwishlist:item=3685829362&perks=3661387068,2420895100,65604327,3218042543
dimwishlist:item=3685829362&perks=3661387068,2420895100,65604327,2633604463
dimwishlist:item=3685829362&perks=3661387068,1431678320,1115162408,3966416502
dimwishlist:item=3685829362&perks=3661387068,1431678320,1115162408,717070634
dimwishlist:item=3685829362&perks=3661387068,1431678320,1115162408,3218042543
dimwishlist:item=3685829362&perks=3661387068,1431678320,1115162408,2633604463
dimwishlist:item=3685829362&perks=3661387068,1431678320,511499160,3966416502
dimwishlist:item=3685829362&perks=3661387068,1431678320,511499160,717070634
dimwishlist:item=3685829362&perks=3661387068,1431678320,511499160,3218042543
dimwishlist:item=3685829362&perks=3661387068,1431678320,511499160,2633604463
dimwishlist:item=3685829362&perks=3661387068,1431678320,247725512,3966416502
dimwishlist:item=3685829362&perks=3661387068,1431678320,247725512,717070634
dimwishlist:item=3685829362&perks=3661387068,1431678320,247725512,3218042543
dimwishlist:item=3685829362&perks=3661387068,1431678320,247725512,2633604463
dimwishlist:item=3685829362&perks=3661387068,1431678320,2938480696,3966416502
dimwishlist:item=3685829362&perks=3661387068,1431678320,2938480696,717070634
dimwishlist:item=3685829362&perks=3661387068,1431678320,2938480696,3218042543
dimwishlist:item=3685829362&perks=3661387068,1431678320,2938480696,2633604463
dimwishlist:item=3685829362&perks=3661387068,1431678320,1511100135,3966416502
dimwishlist:item=3685829362&perks=3661387068,1431678320,1511100135,717070634
dimwishlist:item=3685829362&perks=3661387068,1431678320,1511100135,3218042543
dimwishlist:item=3685829362&perks=3661387068,1431678320,1511100135,2633604463
dimwishlist:item=3685829362&perks=3661387068,1431678320,65604327,3966416502
dimwishlist:item=3685829362&perks=3661387068,1431678320,65604327,717070634
dimwishlist:item=3685829362&perks=3661387068,1431678320,65604327,3218042543
dimwishlist:item=3685829362&perks=3661387068,1431678320,65604327,2633604463
dimwishlist:item=3685829362&perks=3661387068,1087426260,1115162408,3966416502
dimwishlist:item=3685829362&perks=3661387068,1087426260,1115162408,717070634
dimwishlist:item=3685829362&perks=3661387068,1087426260,1115162408,3218042543
dimwishlist:item=3685829362&perks=3661387068,1087426260,1115162408,2633604463
dimwishlist:item=3685829362&perks=3661387068,1087426260,511499160,3966416502
dimwishlist:item=3685829362&perks=3661387068,1087426260,511499160,717070634
dimwishlist:item=3685829362&perks=3661387068,1087426260,511499160,3218042543
dimwishlist:item=3685829362&perks=3661387068,1087426260,511499160,2633604463
dimwishlist:item=3685829362&perks=3661387068,1087426260,247725512,3966416502
dimwishlist:item=3685829362&perks=3661387068,1087426260,247725512,717070634
dimwishlist:item=3685829362&perks=3661387068,1087426260,247725512,3218042543
dimwishlist:item=3685829362&perks=3661387068,1087426260,247725512,2633604463
dimwishlist:item=3685829362&perks=3661387068,1087426260,2938480696,3966416502
dimwishlist:item=3685829362&perks=3661387068,1087426260,2938480696,717070634
dimwishlist:item=3685829362&perks=3661387068,1087426260,2938480696,3218042543
dimwishlist:item=3685829362&perks=3661387068,1087426260,2938480696,2633604463
dimwishlist:item=3685829362&perks=3661387068,1087426260,1511100135,3966416502
dimwishlist:item=3685829362&perks=3661387068,1087426260,1511100135,717070634
dimwishlist:item=3685829362&perks=3661387068,1087426260,1511100135,3218042543
dimwishlist:item=3685829362&perks=3661387068,1087426260,1511100135,2633604463
dimwishlist:item=3685829362&perks=3661387068,1087426260,65604327,3966416502
dimwishlist:item=3685829362&perks=3661387068,1087426260,65604327,717070634
dimwishlist:item=3685829362&perks=3661387068,1087426260,65604327,3218042543
dimwishlist:item=3685829362&perks=3661387068,1087426260,65604327,2633604463
dimwishlist:item=3685829362&perks=3661387068,1968497646,1115162408,3966416502
dimwishlist:item=3685829362&perks=3661387068,1968497646,1115162408,717070634
dimwishlist:item=3685829362&perks=3661387068,1968497646,1115162408,3218042543
dimwishlist:item=3685829362&perks=3661387068,1968497646,1115162408,2633604463
dimwishlist:item=3685829362&perks=3661387068,1968497646,511499160,3966416502
dimwishlist:item=3685829362&perks=3661387068,1968497646,511499160,717070634
dimwishlist:item=3685829362&perks=3661387068,1968497646,511499160,3218042543
dimwishlist:item=3685829362&perks=3661387068,1968497646,511499160,2633604463
dimwishlist:item=3685829362&perks=3661387068,1968497646,247725512,3966416502
dimwishlist:item=3685829362&perks=3661387068,1968497646,247725512,717070634
dimwishlist:item=3685829362&perks=3661387068,1968497646,247725512,3218042543
dimwishlist:item=3685829362&perks=3661387068,1968497646,247725512,2633604463
dimwishlist:item=3685829362&perks=3661387068,1968497646,2938480696,3966416502
dimwishlist:item=3685829362&perks=3661387068,1968497646,2938480696,717070634
dimwishlist:item=3685829362&perks=3661387068,1968497646,2938480696,3218042543
dimwishlist:item=3685829362&perks=3661387068,1968497646,2938480696,2633604463
dimwishlist:item=3685829362&perks=3661387068,1968497646,1511100135,3966416502
dimwishlist:item=3685829362&perks=3661387068,1968497646,1511100135,717070634
dimwishlist:item=3685829362&perks=3661387068,1968497646,1511100135,3218042543
dimwishlist:item=3685829362&perks=3661387068,1968497646,1511100135,2633604463
dimwishlist:item=3685829362&perks=3661387068,1968497646,65604327,3966416502
dimwishlist:item=3685829362&perks=3661387068,1968497646,65604327,717070634
dimwishlist:item=3685829362&perks=3661387068,1968497646,65604327,3218042543
dimwishlist:item=3685829362&perks=3661387068,1968497646,65604327,2633604463
dimwishlist:item=3685829362&perks=3661387068,1561002382,1115162408,3966416502
dimwishlist:item=3685829362&perks=3661387068,1561002382,1115162408,717070634
dimwishlist:item=3685829362&perks=3661387068,1561002382,1115162408,3218042543
dimwishlist:item=3685829362&perks=3661387068,1561002382,1115162408,2633604463
dimwishlist:item=3685829362&perks=3661387068,1561002382,511499160,3966416502
dimwishlist:item=3685829362&perks=3661387068,1561002382,511499160,717070634
dimwishlist:item=3685829362&perks=3661387068,1561002382,511499160,3218042543
dimwishlist:item=3685829362&perks=3661387068,1561002382,511499160,2633604463
dimwishlist:item=3685829362&perks=3661387068,1561002382,247725512,3966416502
dimwishlist:item=3685829362&perks=3661387068,1561002382,247725512,717070634
dimwishlist:item=3685829362&perks=3661387068,1561002382,247725512,3218042543
dimwishlist:item=3685829362&perks=3661387068,1561002382,247725512,2633604463
dimwishlist:item=3685829362&perks=3661387068,1561002382,2938480696,3966416502
dimwishlist:item=3685829362&perks=3661387068,1561002382,2938480696,717070634
dimwishlist:item=3685829362&perks=3661387068,1561002382,2938480696,3218042543
dimwishlist:item=3685829362&perks=3661387068,1561002382,2938480696,2633604463
dimwishlist:item=3685829362&perks=3661387068,1561002382,1511100135,3966416502
dimwishlist:item=3685829362&perks=3661387068,1561002382,1511100135,717070634
dimwishlist:item=3685829362&perks=3661387068,1561002382,1511100135,3218042543
dimwishlist:item=3685829362&perks=3661387068,1561002382,1511100135,2633604463
dimwishlist:item=3685829362&perks=3661387068,1561002382,65604327,3966416502
dimwishlist:item=3685829362&perks=3661387068,1561002382,65604327,717070634
dimwishlist:item=3685829362&perks=3661387068,1561002382,65604327,3218042543
dimwishlist:item=3685829362&perks=3661387068,1561002382,65604327,2633604463
dimwishlist:item=3685829362&perks=3661387068,1885400500,1115162408,3966416502
dimwishlist:item=3685829362&perks=3661387068,1885400500,1115162408,717070634
dimwishlist:item=3685829362&perks=3661387068,1885400500,1115162408,3218042543
dimwishlist:item=3685829362&perks=3661387068,1885400500,1115162408,2633604463
dimwishlist:item=3685829362&perks=3661387068,1885400500,511499160,3966416502
dimwishlist:item=3685829362&perks=3661387068,1885400500,511499160,717070634
dimwishlist:item=3685829362&perks=3661387068,1885400500,511499160,3218042543
dimwishlist:item=3685829362&perks=3661387068,1885400500,511499160,2633604463
dimwishlist:item=3685829362&perks=3661387068,1885400500,247725512,3966416502
dimwishlist:item=3685829362&perks=3661387068,1885400500,247725512,717070634
dimwishlist:item=3685829362&perks=3661387068,1885400500,247725512,3218042543
dimwishlist:item=3685829362&perks=3661387068,1885400500,247725512,2633604463
dimwishlist:item=3685829362&perks=3661387068,1885400500,2938480696,3966416502
dimwishlist:item=3685829362&perks=3661387068,1885400500,2938480696,717070634
dimwishlist:item=3685829362&perks=3661387068,1885400500,2938480696,3218042543
dimwishlist:item=3685829362&perks=3661387068,1885400500,2938480696,2633604463
dimwishlist:item=3685829362&perks=3661387068,1885400500,1511100135,3966416502
dimwishlist:item=3685829362&perks=3661387068,1885400500,1511100135,717070634
dimwishlist:item=3685829362&perks=3661387068,1885400500,1511100135,3218042543
dimwishlist:item=3685829362&perks=3661387068,1885400500,1511100135,2633604463
dimwishlist:item=3685829362&perks=3661387068,1885400500,65604327,3966416502
dimwishlist:item=3685829362&perks=3661387068,1885400500,65604327,717070634
dimwishlist:item=3685829362&perks=3661387068,1885400500,65604327,3218042543
dimwishlist:item=3685829362&perks=3661387068,1885400500,65604327,2633604463
dimwishlist:item=3685829362&perks=4090651448,2420895100,1115162408,3966416502
dimwishlist:item=3685829362&perks=4090651448,2420895100,1115162408,717070634
dimwishlist:item=3685829362&perks=4090651448,2420895100,1115162408,3218042543
dimwishlist:item=3685829362&perks=4090651448,2420895100,1115162408,2633604463
dimwishlist:item=3685829362&perks=4090651448,2420895100,511499160,3966416502
dimwishlist:item=3685829362&perks=4090651448,2420895100,511499160,717070634
dimwishlist:item=3685829362&perks=4090651448,2420895100,511499160,3218042543
dimwishlist:item=3685829362&perks=4090651448,2420895100,511499160,2633604463
dimwishlist:item=3685829362&perks=4090651448,2420895100,247725512,3966416502
dimwishlist:item=3685829362&perks=4090651448,2420895100,247725512,717070634
dimwishlist:item=3685829362&perks=4090651448,2420895100,247725512,3218042543
dimwishlist:item=3685829362&perks=4090651448,2420895100,247725512,2633604463
dimwishlist:item=3685829362&perks=4090651448,2420895100,2938480696,3966416502
dimwishlist:item=3685829362&perks=4090651448,2420895100,2938480696,717070634
dimwishlist:item=3685829362&perks=4090651448,2420895100,2938480696,3218042543
dimwishlist:item=3685829362&perks=4090651448,2420895100,2938480696,2633604463
dimwishlist:item=3685829362&perks=4090651448,2420895100,1511100135,3966416502
dimwishlist:item=3685829362&perks=4090651448,2420895100,1511100135,717070634
dimwishlist:item=3685829362&perks=4090651448,2420895100,1511100135,3218042543
dimwishlist:item=3685829362&perks=4090651448,2420895100,1511100135,2633604463
dimwishlist:item=3685829362&perks=4090651448,2420895100,65604327,3966416502
dimwishlist:item=3685829362&perks=4090651448,2420895100,65604327,717070634
dimwishlist:item=3685829362&perks=4090651448,2420895100,65604327,3218042543
dimwishlist:item=3685829362&perks=4090651448,2420895100,65604327,2633604463
dimwishlist:item=3685829362&perks=4090651448,1431678320,1115162408,3966416502
dimwishlist:item=3685829362&perks=4090651448,1431678320,1115162408,717070634
dimwishlist:item=3685829362&perks=4090651448,1431678320,1115162408,3218042543
dimwishlist:item=3685829362&perks=4090651448,1431678320,1115162408,2633604463
dimwishlist:item=3685829362&perks=4090651448,1431678320,511499160,3966416502
dimwishlist:item=3685829362&perks=4090651448,1431678320,511499160,717070634
dimwishlist:item=3685829362&perks=4090651448,1431678320,511499160,3218042543
dimwishlist:item=3685829362&perks=4090651448,1431678320,511499160,2633604463
dimwishlist:item=3685829362&perks=4090651448,1431678320,247725512,3966416502
dimwishlist:item=3685829362&perks=4090651448,1431678320,247725512,717070634
dimwishlist:item=3685829362&perks=4090651448,1431678320,247725512,3218042543
dimwishlist:item=3685829362&perks=4090651448,1431678320,247725512,2633604463
dimwishlist:item=3685829362&perks=4090651448,1431678320,2938480696,3966416502
dimwishlist:item=3685829362&perks=4090651448,1431678320,2938480696,717070634
dimwishlist:item=3685829362&perks=4090651448,1431678320,2938480696,3218042543
dimwishlist:item=3685829362&perks=4090651448,1431678320,2938480696,2633604463
dimwishlist:item=3685829362&perks=4090651448,1431678320,1511100135,3966416502
dimwishlist:item=3685829362&perks=4090651448,1431678320,1511100135,717070634
dimwishlist:item=3685829362&perks=4090651448,1431678320,1511100135,3218042543
dimwishlist:item=3685829362&perks=4090651448,1431678320,1511100135,2633604463
dimwishlist:item=3685829362&perks=4090651448,1431678320,65604327,3966416502
dimwishlist:item=3685829362&perks=4090651448,1431678320,65604327,717070634
dimwishlist:item=3685829362&perks=4090651448,1431678320,65604327,3218042543
dimwishlist:item=3685829362&perks=4090651448,1431678320,65604327,2633604463
dimwishlist:item=3685829362&perks=4090651448,1087426260,1115162408,3966416502
dimwishlist:item=3685829362&perks=4090651448,1087426260,1115162408,717070634
dimwishlist:item=3685829362&perks=4090651448,1087426260,1115162408,3218042543
dimwishlist:item=3685829362&perks=4090651448,1087426260,1115162408,2633604463
dimwishlist:item=3685829362&perks=4090651448,1087426260,511499160,3966416502
dimwishlist:item=3685829362&perks=4090651448,1087426260,511499160,717070634
dimwishlist:item=3685829362&perks=4090651448,1087426260,511499160,3218042543
dimwishlist:item=3685829362&perks=4090651448,1087426260,511499160,2633604463
dimwishlist:item=3685829362&perks=4090651448,1087426260,247725512,3966416502
dimwishlist:item=3685829362&perks=4090651448,1087426260,247725512,717070634
dimwishlist:item=3685829362&perks=4090651448,1087426260,247725512,3218042543
dimwishlist:item=3685829362&perks=4090651448,1087426260,247725512,2633604463
dimwishlist:item=3685829362&perks=4090651448,1087426260,2938480696,3966416502
dimwishlist:item=3685829362&perks=4090651448,1087426260,2938480696,717070634
dimwishlist:item=3685829362&perks=4090651448,1087426260,2938480696,3218042543
dimwishlist:item=3685829362&perks=4090651448,1087426260,2938480696,2633604463
dimwishlist:item=3685829362&perks=4090651448,1087426260,1511100135,3966416502
dimwishlist:item=3685829362&perks=4090651448,1087426260,1511100135,717070634
dimwishlist:item=3685829362&perks=4090651448,1087426260,1511100135,3218042543
dimwishlist:item=3685829362&perks=4090651448,1087426260,1511100135,2633604463
dimwishlist:item=3685829362&perks=4090651448,1087426260,65604327,3966416502
dimwishlist:item=3685829362&perks=4090651448,1087426260,65604327,717070634
dimwishlist:item=3685829362&perks=4090651448,1087426260,65604327,3218042543
dimwishlist:item=3685829362&perks=4090651448,1087426260,65604327,2633604463
dimwishlist:item=3685829362&perks=4090651448,1968497646,1115162408,3966416502
dimwishlist:item=3685829362&perks=4090651448,1968497646,1115162408,717070634
dimwishlist:item=3685829362&perks=4090651448,1968497646,1115162408,3218042543
dimwishlist:item=3685829362&perks=4090651448,1968497646,1115162408,2633604463
dimwishlist:item=3685829362&perks=4090651448,1968497646,511499160,3966416502
dimwishlist:item=3685829362&perks=4090651448,1968497646,511499160,717070634
dimwishlist:item=3685829362&perks=4090651448,1968497646,511499160,3218042543
dimwishlist:item=3685829362&perks=4090651448,1968497646,511499160,2633604463
dimwishlist:item=3685829362&perks=4090651448,1968497646,247725512,3966416502
dimwishlist:item=3685829362&perks=4090651448,1968497646,247725512,717070634
dimwishlist:item=3685829362&perks=4090651448,1968497646,247725512,3218042543
dimwishlist:item=3685829362&perks=4090651448,1968497646,247725512,2633604463
dimwishlist:item=3685829362&perks=4090651448,1968497646,2938480696,3966416502
dimwishlist:item=3685829362&perks=4090651448,1968497646,2938480696,717070634
dimwishlist:item=3685829362&perks=4090651448,1968497646,2938480696,3218042543
dimwishlist:item=3685829362&perks=4090651448,1968497646,2938480696,2633604463
dimwishlist:item=3685829362&perks=4090651448,1968497646,1511100135,3966416502
dimwishlist:item=3685829362&perks=4090651448,1968497646,1511100135,717070634
dimwishlist:item=3685829362&perks=4090651448,1968497646,1511100135,3218042543
dimwishlist:item=3685829362&perks=4090651448,1968497646,1511100135,2633604463
dimwishlist:item=3685829362&perks=4090651448,1968497646,65604327,3966416502
dimwishlist:item=3685829362&perks=4090651448,1968497646,65604327,717070634
dimwishlist:item=3685829362&perks=4090651448,1968497646,65604327,3218042543
dimwishlist:item=3685829362&perks=4090651448,1968497646,65604327,2633604463
dimwishlist:item=3685829362&perks=4090651448,1561002382,1115162408,3966416502
dimwishlist:item=3685829362&perks=4090651448,1561002382,1115162408,717070634
dimwishlist:item=3685829362&perks=4090651448,1561002382,1115162408,3218042543
dimwishlist:item=3685829362&perks=4090651448,1561002382,1115162408,2633604463
dimwishlist:item=3685829362&perks=4090651448,1561002382,511499160,3966416502
dimwishlist:item=3685829362&perks=4090651448,1561002382,511499160,717070634
dimwishlist:item=3685829362&perks=4090651448,1561002382,511499160,3218042543
dimwishlist:item=3685829362&perks=4090651448,1561002382,511499160,2633604463
dimwishlist:item=3685829362&perks=4090651448,1561002382,247725512,3966416502
dimwishlist:item=3685829362&perks=4090651448,1561002382,247725512,717070634
dimwishlist:item=3685829362&perks=4090651448,1561002382,247725512,3218042543
dimwishlist:item=3685829362&perks=4090651448,1561002382,247725512,2633604463
dimwishlist:item=3685829362&perks=4090651448,1561002382,2938480696,3966416502
dimwishlist:item=3685829362&perks=4090651448,1561002382,2938480696,717070634
dimwishlist:item=3685829362&perks=4090651448,1561002382,2938480696,3218042543
dimwishlist:item=3685829362&perks=4090651448,1561002382,2938480696,2633604463
dimwishlist:item=3685829362&perks=4090651448,1561002382,1511100135,3966416502
dimwishlist:item=3685829362&perks=4090651448,1561002382,1511100135,717070634
dimwishlist:item=3685829362&perks=4090651448,1561002382,1511100135,3218042543
dimwishlist:item=3685829362&perks=4090651448,1561002382,1511100135,2633604463
dimwishlist:item=3685829362&perks=4090651448,1561002382,65604327,3966416502
dimwishlist:item=3685829362&perks=4090651448,1561002382,65604327,717070634
dimwishlist:item=3685829362&perks=4090651448,1561002382,65604327,3218042543
dimwishlist:item=3685829362&perks=4090651448,1561002382,65604327,2633604463
dimwishlist:item=3685829362&perks=4090651448,1885400500,1115162408,3966416502
dimwishlist:item=3685829362&perks=4090651448,1885400500,1115162408,717070634
dimwishlist:item=3685829362&perks=4090651448,1885400500,1115162408,3218042543
dimwishlist:item=3685829362&perks=4090651448,1885400500,1115162408,2633604463
dimwishlist:item=3685829362&perks=4090651448,1885400500,511499160,3966416502
dimwishlist:item=3685829362&perks=4090651448,1885400500,511499160,717070634
dimwishlist:item=3685829362&perks=4090651448,1885400500,511499160,3218042543
dimwishlist:item=3685829362&perks=4090651448,1885400500,511499160,2633604463
dimwishlist:item=3685829362&perks=4090651448,1885400500,247725512,3966416502
dimwishlist:item=3685829362&perks=4090651448,1885400500,247725512,717070634
dimwishlist:item=3685829362&perks=4090651448,1885400500,247725512,3218042543
dimwishlist:item=3685829362&perks=4090651448,1885400500,247725512,2633604463
dimwishlist:item=3685829362&perks=4090651448,1885400500,2938480696,3966416502
dimwishlist:item=3685829362&perks=4090651448,1885400500,2938480696,717070634
dimwishlist:item=3685829362&perks=4090651448,1885400500,2938480696,3218042543
dimwishlist:item=3685829362&perks=4090651448,1885400500,2938480696,2633604463
dimwishlist:item=3685829362&perks=4090651448,1885400500,1511100135,3966416502
dimwishlist:item=3685829362&perks=4090651448,1885400500,1511100135,717070634
dimwishlist:item=3685829362&perks=4090651448,1885400500,1511100135,3218042543
dimwishlist:item=3685829362&perks=4090651448,1885400500,1511100135,2633604463
dimwishlist:item=3685829362&perks=4090651448,1885400500,65604327,3966416502
dimwishlist:item=3685829362&perks=4090651448,1885400500,65604327,717070634
dimwishlist:item=3685829362&perks=4090651448,1885400500,65604327,3218042543
dimwishlist:item=3685829362&perks=4090651448,1885400500,65604327,2633604463


// Fimbulwinter Stitch -  Fimbulwinter Stitch (pve)
//notes: tags:pve
dimwishlist:item=3685829362&perks=247725512,1015611457
dimwishlist:item=3685829362&perks=247725512,2923251173
dimwishlist:item=3685829362&perks=247725512,3966416502
dimwishlist:item=3685829362&perks=247725512,717070634
dimwishlist:item=3685829362&perks=247725512,3218042543
dimwishlist:item=3685829362&perks=247725512,2633604463
dimwishlist:item=3685829362&perks=247725512,2173046394
dimwishlist:item=3685829362&perks=247725512,1720528630
dimwishlist:item=3685829362&perks=2938480696,1015611457
dimwishlist:item=3685829362&perks=2938480696,2923251173
dimwishlist:item=3685829362&perks=2938480696,3966416502
dimwishlist:item=3685829362&perks=2938480696,717070634
dimwishlist:item=3685829362&perks=2938480696,3218042543
dimwishlist:item=3685829362&perks=2938480696,2633604463
dimwishlist:item=3685829362&perks=2938480696,2173046394
dimwishlist:item=3685829362&perks=2938480696,1720528630
dimwishlist:item=3685829362&perks=1115162408,1015611457
dimwishlist:item=3685829362&perks=1115162408,2923251173
dimwishlist:item=3685829362&perks=1115162408,3966416502
dimwishlist:item=3685829362&perks=1115162408,717070634
dimwishlist:item=3685829362&perks=1115162408,3218042543
dimwishlist:item=3685829362&perks=1115162408,2633604463
dimwishlist:item=3685829362&perks=1115162408,2173046394
dimwishlist:item=3685829362&perks=1115162408,1720528630
dimwishlist:item=3685829362&perks=511499160,1015611457
dimwishlist:item=3685829362&perks=511499160,2923251173
dimwishlist:item=3685829362&perks=511499160,3966416502
dimwishlist:item=3685829362&perks=511499160,717070634
dimwishlist:item=3685829362&perks=511499160,3218042543
dimwishlist:item=3685829362&perks=511499160,2633604463
dimwishlist:item=3685829362&perks=511499160,2173046394
dimwishlist:item=3685829362&perks=511499160,1720528630
dimwishlist:item=3685829362&perks=1511100135,1015611457
dimwishlist:item=3685829362&perks=1511100135,2923251173
dimwishlist:item=3685829362&perks=1511100135,3966416502
dimwishlist:item=3685829362&perks=1511100135,717070634
dimwishlist:item=3685829362&perks=1511100135,3218042543
dimwishlist:item=3685829362&perks=1511100135,2633604463
dimwishlist:item=3685829362&perks=1511100135,2173046394
dimwishlist:item=3685829362&perks=1511100135,1720528630
dimwishlist:item=3685829362&perks=65604327,1015611457
dimwishlist:item=3685829362&perks=65604327,2923251173
dimwishlist:item=3685829362&perks=65604327,3966416502
dimwishlist:item=3685829362&perks=65604327,717070634
dimwishlist:item=3685829362&perks=65604327,3218042543
dimwishlist:item=3685829362&perks=65604327,2633604463
dimwishlist:item=3685829362&perks=65604327,2173046394
dimwishlist:item=3685829362&perks=65604327,1720528630


