title:Vault of Glass

// Found Verdict - Found Verdict (pve)
//notes: tags:pve
dimwishlist:item=694500607&perks=1332244541,791862061,3161816588,47981717
dimwishlist:item=694500607&perks=1332244541,791862061,3161816588,1370847713
dimwishlist:item=694500607&perks=1332244541,791862061,3161816588,2679249093
dimwishlist:item=694500607&perks=1332244541,791862061,3161816588,788178929
dimwishlist:item=694500607&perks=1332244541,791862061,191144788,47981717
dimwishlist:item=694500607&perks=1332244541,791862061,191144788,1370847713
dimwishlist:item=694500607&perks=1332244541,791862061,191144788,2679249093
dimwishlist:item=694500607&perks=1332244541,791862061,191144788,788178929
dimwishlist:item=694500607&perks=1332244541,3142289711,3161816588,47981717
dimwishlist:item=694500607&perks=1332244541,3142289711,3161816588,1370847713
dimwishlist:item=694500607&perks=1332244541,3142289711,3161816588,2679249093
dimwishlist:item=694500607&perks=1332244541,3142289711,3161816588,788178929
dimwishlist:item=694500607&perks=1332244541,3142289711,191144788,47981717
dimwishlist:item=694500607&perks=1332244541,3142289711,191144788,1370847713
dimwishlist:item=694500607&perks=1332244541,3142289711,191144788,2679249093
dimwishlist:item=694500607&perks=1332244541,3142289711,191144788,788178929
dimwishlist:item=694500607&perks=466087222,791862061,3161816588,47981717
dimwishlist:item=694500607&perks=466087222,791862061,3161816588,1370847713
dimwishlist:item=694500607&perks=466087222,791862061,3161816588,2679249093
dimwishlist:item=694500607&perks=466087222,791862061,3161816588,788178929
dimwishlist:item=694500607&perks=466087222,791862061,191144788,47981717
dimwishlist:item=694500607&perks=466087222,791862061,191144788,1370847713
dimwishlist:item=694500607&perks=466087222,791862061,191144788,2679249093
dimwishlist:item=694500607&perks=466087222,791862061,191144788,788178929
dimwishlist:item=694500607&perks=466087222,3142289711,3161816588,47981717
dimwishlist:item=694500607&perks=466087222,3142289711,3161816588,1370847713
dimwishlist:item=694500607&perks=466087222,3142289711,3161816588,2679249093
dimwishlist:item=694500607&perks=466087222,3142289711,3161816588,788178929
dimwishlist:item=694500607&perks=466087222,3142289711,191144788,47981717
dimwishlist:item=694500607&perks=466087222,3142289711,191144788,1370847713
dimwishlist:item=694500607&perks=466087222,3142289711,191144788,2679249093
dimwishlist:item=694500607&perks=466087222,3142289711,191144788,788178929
dimwishlist:item=694500607&perks=1482024992,791862061,3161816588,47981717
dimwishlist:item=694500607&perks=1482024992,791862061,3161816588,1370847713
dimwishlist:item=694500607&perks=1482024992,791862061,3161816588,2679249093
dimwishlist:item=694500607&perks=1482024992,791862061,3161816588,788178929
dimwishlist:item=694500607&perks=1482024992,791862061,191144788,47981717
dimwishlist:item=694500607&perks=1482024992,791862061,191144788,1370847713
dimwishlist:item=694500607&perks=1482024992,791862061,191144788,2679249093
dimwishlist:item=694500607&perks=1482024992,791862061,191144788,788178929
dimwishlist:item=694500607&perks=1482024992,3142289711,3161816588,47981717
dimwishlist:item=694500607&perks=1482024992,3142289711,3161816588,1370847713
dimwishlist:item=694500607&perks=1482024992,3142289711,3161816588,2679249093
dimwishlist:item=694500607&perks=1482024992,3142289711,3161816588,788178929
dimwishlist:item=694500607&perks=1482024992,3142289711,191144788,47981717
dimwishlist:item=694500607&perks=1482024992,3142289711,191144788,1370847713
dimwishlist:item=694500607&perks=1482024992,3142289711,191144788,2679249093
dimwishlist:item=694500607&perks=1482024992,3142289711,191144788,788178929


// Hezen Vengeance - Hezen Vengeance (pve)
//notes: tags:pve
dimwishlist:item=2265407516&perks=1478423395,2985827016,3300816228,1546637391
dimwishlist:item=2265407516&perks=1478423395,2985827016,3300816228,3418165135
dimwishlist:item=2265407516&perks=1478423395,2985827016,3528046508,1546637391
dimwishlist:item=2265407516&perks=1478423395,2985827016,3528046508,3418165135
dimwishlist:item=2265407516&perks=1478423395,2985827016,3643424744,1546637391
dimwishlist:item=2265407516&perks=1478423395,2985827016,3643424744,3418165135
dimwishlist:item=2265407516&perks=1478423395,2985827016,2682205016,1546637391
dimwishlist:item=2265407516&perks=1478423395,2985827016,2682205016,3418165135
dimwishlist:item=2265407516&perks=1478423395,3796465595,3300816228,1546637391
dimwishlist:item=2265407516&perks=1478423395,3796465595,3300816228,3418165135
dimwishlist:item=2265407516&perks=1478423395,3796465595,3528046508,1546637391
dimwishlist:item=2265407516&perks=1478423395,3796465595,3528046508,3418165135
dimwishlist:item=2265407516&perks=1478423395,3796465595,3643424744,1546637391
dimwishlist:item=2265407516&perks=1478423395,3796465595,3643424744,3418165135
dimwishlist:item=2265407516&perks=1478423395,3796465595,2682205016,1546637391
dimwishlist:item=2265407516&perks=1478423395,3796465595,2682205016,3418165135
dimwishlist:item=2265407516&perks=1478423395,2822142346,3300816228,1546637391
dimwishlist:item=2265407516&perks=1478423395,2822142346,3300816228,3418165135
dimwishlist:item=2265407516&perks=1478423395,2822142346,3528046508,1546637391
dimwishlist:item=2265407516&perks=1478423395,2822142346,3528046508,3418165135
dimwishlist:item=2265407516&perks=1478423395,2822142346,3643424744,1546637391
dimwishlist:item=2265407516&perks=1478423395,2822142346,3643424744,3418165135
dimwishlist:item=2265407516&perks=1478423395,2822142346,2682205016,1546637391
dimwishlist:item=2265407516&perks=1478423395,2822142346,2682205016,3418165135
dimwishlist:item=2265407516&perks=1844523823,2985827016,3300816228,1546637391
dimwishlist:item=2265407516&perks=1844523823,2985827016,3300816228,3418165135
dimwishlist:item=2265407516&perks=1844523823,2985827016,3528046508,1546637391
dimwishlist:item=2265407516&perks=1844523823,2985827016,3528046508,3418165135
dimwishlist:item=2265407516&perks=1844523823,2985827016,3643424744,1546637391
dimwishlist:item=2265407516&perks=1844523823,2985827016,3643424744,3418165135
dimwishlist:item=2265407516&perks=1844523823,2985827016,2682205016,1546637391
dimwishlist:item=2265407516&perks=1844523823,2985827016,2682205016,3418165135
dimwishlist:item=2265407516&perks=1844523823,3796465595,3300816228,1546637391
dimwishlist:item=2265407516&perks=1844523823,3796465595,3300816228,3418165135
dimwishlist:item=2265407516&perks=1844523823,3796465595,3528046508,1546637391
dimwishlist:item=2265407516&perks=1844523823,3796465595,3528046508,3418165135
dimwishlist:item=2265407516&perks=1844523823,3796465595,3643424744,1546637391
dimwishlist:item=2265407516&perks=1844523823,3796465595,3643424744,3418165135
dimwishlist:item=2265407516&perks=1844523823,3796465595,2682205016,1546637391
dimwishlist:item=2265407516&perks=1844523823,3796465595,2682205016,3418165135
dimwishlist:item=2265407516&perks=1844523823,2822142346,3300816228,1546637391
dimwishlist:item=2265407516&perks=1844523823,2822142346,3300816228,3418165135
dimwishlist:item=2265407516&perks=1844523823,2822142346,3528046508,1546637391
dimwishlist:item=2265407516&perks=1844523823,2822142346,3528046508,3418165135
dimwishlist:item=2265407516&perks=1844523823,2822142346,3643424744,1546637391
dimwishlist:item=2265407516&perks=1844523823,2822142346,3643424744,3418165135
dimwishlist:item=2265407516&perks=1844523823,2822142346,2682205016,1546637391
dimwishlist:item=2265407516&perks=1844523823,2822142346,2682205016,3418165135


// Vision of Confluence - Vision of Confluence (pve)
//notes: tags:pve
dimwishlist:item=3444688218&perks=839105230,3142289711,4293542123,3038247973
dimwishlist:item=3444688218&perks=839105230,3142289711,4293542123,3824105627
dimwishlist:item=3444688218&perks=839105230,3142289711,4293542123,3215448563
dimwishlist:item=3444688218&perks=839105230,3142289711,4293542123,64866129
dimwishlist:item=3444688218&perks=839105230,3142289711,4293542123,1183436451
dimwishlist:item=3444688218&perks=839105230,3142289711,4293542123,3299896859
dimwishlist:item=3444688218&perks=839105230,3142289711,3017780555,3038247973
dimwishlist:item=3444688218&perks=839105230,3142289711,3017780555,3824105627
dimwishlist:item=3444688218&perks=839105230,3142289711,3017780555,3215448563
dimwishlist:item=3444688218&perks=839105230,3142289711,3017780555,64866129
dimwishlist:item=3444688218&perks=839105230,3142289711,3017780555,1183436451
dimwishlist:item=3444688218&perks=839105230,3142289711,3017780555,3299896859
dimwishlist:item=3444688218&perks=839105230,3142289711,4223976499,3038247973
dimwishlist:item=3444688218&perks=839105230,3142289711,4223976499,3824105627
dimwishlist:item=3444688218&perks=839105230,3142289711,4223976499,3215448563
dimwishlist:item=3444688218&perks=839105230,3142289711,4223976499,64866129
dimwishlist:item=3444688218&perks=839105230,3142289711,4223976499,1183436451
dimwishlist:item=3444688218&perks=839105230,3142289711,4223976499,3299896859
dimwishlist:item=3444688218&perks=839105230,3142289711,2675184851,3038247973
dimwishlist:item=3444688218&perks=839105230,3142289711,2675184851,3824105627
dimwishlist:item=3444688218&perks=839105230,3142289711,2675184851,3215448563
dimwishlist:item=3444688218&perks=839105230,3142289711,2675184851,64866129
dimwishlist:item=3444688218&perks=839105230,3142289711,2675184851,1183436451
dimwishlist:item=3444688218&perks=839105230,3142289711,2675184851,3299896859
dimwishlist:item=3444688218&perks=839105230,1087426260,4293542123,3038247973
dimwishlist:item=3444688218&perks=839105230,1087426260,4293542123,3824105627
dimwishlist:item=3444688218&perks=839105230,1087426260,4293542123,3215448563
dimwishlist:item=3444688218&perks=839105230,1087426260,4293542123,64866129
dimwishlist:item=3444688218&perks=839105230,1087426260,4293542123,1183436451
dimwishlist:item=3444688218&perks=839105230,1087426260,4293542123,3299896859
dimwishlist:item=3444688218&perks=839105230,1087426260,3017780555,3038247973
dimwishlist:item=3444688218&perks=839105230,1087426260,3017780555,3824105627
dimwishlist:item=3444688218&perks=839105230,1087426260,3017780555,3215448563
dimwishlist:item=3444688218&perks=839105230,1087426260,3017780555,64866129
dimwishlist:item=3444688218&perks=839105230,1087426260,3017780555,1183436451
dimwishlist:item=3444688218&perks=839105230,1087426260,3017780555,3299896859
dimwishlist:item=3444688218&perks=839105230,1087426260,4223976499,3038247973
dimwishlist:item=3444688218&perks=839105230,1087426260,4223976499,3824105627
dimwishlist:item=3444688218&perks=839105230,1087426260,4223976499,3215448563
dimwishlist:item=3444688218&perks=839105230,1087426260,4223976499,64866129
dimwishlist:item=3444688218&perks=839105230,1087426260,4223976499,1183436451
dimwishlist:item=3444688218&perks=839105230,1087426260,4223976499,3299896859
dimwishlist:item=3444688218&perks=839105230,1087426260,2675184851,3038247973
dimwishlist:item=3444688218&perks=839105230,1087426260,2675184851,3824105627
dimwishlist:item=3444688218&perks=839105230,1087426260,2675184851,3215448563
dimwishlist:item=3444688218&perks=839105230,1087426260,2675184851,64866129
dimwishlist:item=3444688218&perks=839105230,1087426260,2675184851,1183436451
dimwishlist:item=3444688218&perks=839105230,1087426260,2675184851,3299896859
dimwishlist:item=3444688218&perks=3661387068,3142289711,4293542123,3038247973
dimwishlist:item=3444688218&perks=3661387068,3142289711,4293542123,3824105627
dimwishlist:item=3444688218&perks=3661387068,3142289711,4293542123,3215448563
dimwishlist:item=3444688218&perks=3661387068,3142289711,4293542123,64866129
dimwishlist:item=3444688218&perks=3661387068,3142289711,4293542123,1183436451
dimwishlist:item=3444688218&perks=3661387068,3142289711,4293542123,3299896859
dimwishlist:item=3444688218&perks=3661387068,3142289711,3017780555,3038247973
dimwishlist:item=3444688218&perks=3661387068,3142289711,3017780555,3824105627
dimwishlist:item=3444688218&perks=3661387068,3142289711,3017780555,3215448563
dimwishlist:item=3444688218&perks=3661387068,3142289711,3017780555,64866129
dimwishlist:item=3444688218&perks=3661387068,3142289711,3017780555,1183436451
dimwishlist:item=3444688218&perks=3661387068,3142289711,3017780555,3299896859
dimwishlist:item=3444688218&perks=3661387068,3142289711,4223976499,3038247973
dimwishlist:item=3444688218&perks=3661387068,3142289711,4223976499,3824105627
dimwishlist:item=3444688218&perks=3661387068,3142289711,4223976499,3215448563
dimwishlist:item=3444688218&perks=3661387068,3142289711,4223976499,64866129
dimwishlist:item=3444688218&perks=3661387068,3142289711,4223976499,1183436451
dimwishlist:item=3444688218&perks=3661387068,3142289711,4223976499,3299896859
dimwishlist:item=3444688218&perks=3661387068,3142289711,2675184851,3038247973
dimwishlist:item=3444688218&perks=3661387068,3142289711,2675184851,3824105627
dimwishlist:item=3444688218&perks=3661387068,3142289711,2675184851,3215448563
dimwishlist:item=3444688218&perks=3661387068,3142289711,2675184851,64866129
dimwishlist:item=3444688218&perks=3661387068,3142289711,2675184851,1183436451
dimwishlist:item=3444688218&perks=3661387068,3142289711,2675184851,3299896859
dimwishlist:item=3444688218&perks=3661387068,1087426260,4293542123,3038247973
dimwishlist:item=3444688218&perks=3661387068,1087426260,4293542123,3824105627
dimwishlist:item=3444688218&perks=3661387068,1087426260,4293542123,3215448563
dimwishlist:item=3444688218&perks=3661387068,1087426260,4293542123,64866129
dimwishlist:item=3444688218&perks=3661387068,1087426260,4293542123,1183436451
dimwishlist:item=3444688218&perks=3661387068,1087426260,4293542123,3299896859
dimwishlist:item=3444688218&perks=3661387068,1087426260,3017780555,3038247973
dimwishlist:item=3444688218&perks=3661387068,1087426260,3017780555,3824105627
dimwishlist:item=3444688218&perks=3661387068,1087426260,3017780555,3215448563
dimwishlist:item=3444688218&perks=3661387068,1087426260,3017780555,64866129
dimwishlist:item=3444688218&perks=3661387068,1087426260,3017780555,1183436451
dimwishlist:item=3444688218&perks=3661387068,1087426260,3017780555,3299896859
dimwishlist:item=3444688218&perks=3661387068,1087426260,4223976499,3038247973
dimwishlist:item=3444688218&perks=3661387068,1087426260,4223976499,3824105627
dimwishlist:item=3444688218&perks=3661387068,1087426260,4223976499,3215448563
dimwishlist:item=3444688218&perks=3661387068,1087426260,4223976499,64866129
dimwishlist:item=3444688218&perks=3661387068,1087426260,4223976499,1183436451
dimwishlist:item=3444688218&perks=3661387068,1087426260,4223976499,3299896859
dimwishlist:item=3444688218&perks=3661387068,1087426260,2675184851,3038247973
dimwishlist:item=3444688218&perks=3661387068,1087426260,2675184851,3824105627
dimwishlist:item=3444688218&perks=3661387068,1087426260,2675184851,3215448563
dimwishlist:item=3444688218&perks=3661387068,1087426260,2675184851,64866129
dimwishlist:item=3444688218&perks=3661387068,1087426260,2675184851,1183436451
dimwishlist:item=3444688218&perks=3661387068,1087426260,2675184851,3299896859
dimwishlist:item=3444688218&perks=4090651448,3142289711,4293542123,3038247973
dimwishlist:item=3444688218&perks=4090651448,3142289711,4293542123,3824105627
dimwishlist:item=3444688218&perks=4090651448,3142289711,4293542123,3215448563
dimwishlist:item=3444688218&perks=4090651448,3142289711,4293542123,64866129
dimwishlist:item=3444688218&perks=4090651448,3142289711,4293542123,1183436451
dimwishlist:item=3444688218&perks=4090651448,3142289711,4293542123,3299896859
dimwishlist:item=3444688218&perks=4090651448,3142289711,3017780555,3038247973
dimwishlist:item=3444688218&perks=4090651448,3142289711,3017780555,3824105627
dimwishlist:item=3444688218&perks=4090651448,3142289711,3017780555,3215448563
dimwishlist:item=3444688218&perks=4090651448,3142289711,3017780555,64866129
dimwishlist:item=3444688218&perks=4090651448,3142289711,3017780555,1183436451
dimwishlist:item=3444688218&perks=4090651448,3142289711,3017780555,3299896859
dimwishlist:item=3444688218&perks=4090651448,3142289711,4223976499,3038247973
dimwishlist:item=3444688218&perks=4090651448,3142289711,4223976499,3824105627
dimwishlist:item=3444688218&perks=4090651448,3142289711,4223976499,3215448563
dimwishlist:item=3444688218&perks=4090651448,3142289711,4223976499,64866129
dimwishlist:item=3444688218&perks=4090651448,3142289711,4223976499,1183436451
dimwishlist:item=3444688218&perks=4090651448,3142289711,4223976499,3299896859
dimwishlist:item=3444688218&perks=4090651448,3142289711,2675184851,3038247973
dimwishlist:item=3444688218&perks=4090651448,3142289711,2675184851,3824105627
dimwishlist:item=3444688218&perks=4090651448,3142289711,2675184851,3215448563
dimwishlist:item=3444688218&perks=4090651448,3142289711,2675184851,64866129
dimwishlist:item=3444688218&perks=4090651448,3142289711,2675184851,1183436451
dimwishlist:item=3444688218&perks=4090651448,3142289711,2675184851,3299896859
dimwishlist:item=3444688218&perks=4090651448,1087426260,4293542123,3038247973
dimwishlist:item=3444688218&perks=4090651448,1087426260,4293542123,3824105627
dimwishlist:item=3444688218&perks=4090651448,1087426260,4293542123,3215448563
dimwishlist:item=3444688218&perks=4090651448,1087426260,4293542123,64866129
dimwishlist:item=3444688218&perks=4090651448,1087426260,4293542123,1183436451
dimwishlist:item=3444688218&perks=4090651448,1087426260,4293542123,3299896859
dimwishlist:item=3444688218&perks=4090651448,1087426260,3017780555,3038247973
dimwishlist:item=3444688218&perks=4090651448,1087426260,3017780555,3824105627
dimwishlist:item=3444688218&perks=4090651448,1087426260,3017780555,3215448563
dimwishlist:item=3444688218&perks=4090651448,1087426260,3017780555,64866129
dimwishlist:item=3444688218&perks=4090651448,1087426260,3017780555,1183436451
dimwishlist:item=3444688218&perks=4090651448,1087426260,3017780555,3299896859
dimwishlist:item=3444688218&perks=4090651448,1087426260,4223976499,3038247973
dimwishlist:item=3444688218&perks=4090651448,1087426260,4223976499,3824105627
dimwishlist:item=3444688218&perks=4090651448,1087426260,4223976499,3215448563
dimwishlist:item=3444688218&perks=4090651448,1087426260,4223976499,64866129
dimwishlist:item=3444688218&perks=4090651448,1087426260,4223976499,1183436451
dimwishlist:item=3444688218&perks=4090651448,1087426260,4223976499,3299896859
dimwishlist:item=3444688218&perks=4090651448,1087426260,2675184851,3038247973
dimwishlist:item=3444688218&perks=4090651448,1087426260,2675184851,3824105627
dimwishlist:item=3444688218&perks=4090651448,1087426260,2675184851,3215448563
dimwishlist:item=3444688218&perks=4090651448,1087426260,2675184851,64866129
dimwishlist:item=3444688218&perks=4090651448,1087426260,2675184851,1183436451
dimwishlist:item=3444688218&perks=4090651448,1087426260,2675184851,3299896859


// Corrective Measure - Corrective Measure (pve)
//notes: tags:pve
dimwishlist:item=3654744298&perks=839105230,3177308360,2048641572,1464081238
dimwishlist:item=3654744298&perks=839105230,3177308360,2048641572,557221067
dimwishlist:item=3654744298&perks=839105230,3177308360,2048641572,1134488199
dimwishlist:item=3654744298&perks=839105230,3177308360,2048641572,2813913866
dimwishlist:item=3654744298&perks=839105230,3177308360,2048641572,2896748467
dimwishlist:item=3654744298&perks=839105230,3177308360,2048641572,2904194311
dimwishlist:item=3654744298&perks=839105230,3177308360,1926441324,1464081238
dimwishlist:item=3654744298&perks=839105230,3177308360,1926441324,557221067
dimwishlist:item=3654744298&perks=839105230,3177308360,1926441324,1134488199
dimwishlist:item=3654744298&perks=839105230,3177308360,1926441324,2813913866
dimwishlist:item=3654744298&perks=839105230,3177308360,1926441324,2896748467
dimwishlist:item=3654744298&perks=839105230,3177308360,1926441324,2904194311
dimwishlist:item=3654744298&perks=839105230,1431678320,2048641572,1464081238
dimwishlist:item=3654744298&perks=839105230,1431678320,2048641572,557221067
dimwishlist:item=3654744298&perks=839105230,1431678320,2048641572,1134488199
dimwishlist:item=3654744298&perks=839105230,1431678320,2048641572,2813913866
dimwishlist:item=3654744298&perks=839105230,1431678320,2048641572,2896748467
dimwishlist:item=3654744298&perks=839105230,1431678320,2048641572,2904194311
dimwishlist:item=3654744298&perks=839105230,1431678320,1926441324,1464081238
dimwishlist:item=3654744298&perks=839105230,1431678320,1926441324,557221067
dimwishlist:item=3654744298&perks=839105230,1431678320,1926441324,1134488199
dimwishlist:item=3654744298&perks=839105230,1431678320,1926441324,2813913866
dimwishlist:item=3654744298&perks=839105230,1431678320,1926441324,2896748467
dimwishlist:item=3654744298&perks=839105230,1431678320,1926441324,2904194311
dimwishlist:item=3654744298&perks=3661387068,3177308360,2048641572,1464081238
dimwishlist:item=3654744298&perks=3661387068,3177308360,2048641572,557221067
dimwishlist:item=3654744298&perks=3661387068,3177308360,2048641572,1134488199
dimwishlist:item=3654744298&perks=3661387068,3177308360,2048641572,2813913866
dimwishlist:item=3654744298&perks=3661387068,3177308360,2048641572,2896748467
dimwishlist:item=3654744298&perks=3661387068,3177308360,2048641572,2904194311
dimwishlist:item=3654744298&perks=3661387068,3177308360,1926441324,1464081238
dimwishlist:item=3654744298&perks=3661387068,3177308360,1926441324,557221067
dimwishlist:item=3654744298&perks=3661387068,3177308360,1926441324,1134488199
dimwishlist:item=3654744298&perks=3661387068,3177308360,1926441324,2813913866
dimwishlist:item=3654744298&perks=3661387068,3177308360,1926441324,2896748467
dimwishlist:item=3654744298&perks=3661387068,3177308360,1926441324,2904194311
dimwishlist:item=3654744298&perks=3661387068,1431678320,2048641572,1464081238
dimwishlist:item=3654744298&perks=3661387068,1431678320,2048641572,557221067
dimwishlist:item=3654744298&perks=3661387068,1431678320,2048641572,1134488199
dimwishlist:item=3654744298&perks=3661387068,1431678320,2048641572,2813913866
dimwishlist:item=3654744298&perks=3661387068,1431678320,2048641572,2896748467
dimwishlist:item=3654744298&perks=3661387068,1431678320,2048641572,2904194311
dimwishlist:item=3654744298&perks=3661387068,1431678320,1926441324,1464081238
dimwishlist:item=3654744298&perks=3661387068,1431678320,1926441324,557221067
dimwishlist:item=3654744298&perks=3661387068,1431678320,1926441324,1134488199
dimwishlist:item=3654744298&perks=3661387068,1431678320,1926441324,2813913866
dimwishlist:item=3654744298&perks=3661387068,1431678320,1926441324,2896748467
dimwishlist:item=3654744298&perks=3661387068,1431678320,1926441324,2904194311


// Praedyth's Revenge - Praedyth's Revenge (pve)
//notes: tags:pve
dimwishlist:item=3844610113&perks=839105230,3142289711,3418782618,3824105627
dimwishlist:item=3844610113&perks=839105230,3142289711,3418782618,1183436451
dimwishlist:item=3844610113&perks=839105230,3142289711,3418782618,2213355989
dimwishlist:item=3844610113&perks=839105230,3142289711,3418782618,2002547233
dimwishlist:item=3844610113&perks=839105230,3142289711,3418782618,4104185692
dimwishlist:item=3844610113&perks=839105230,3142289711,3418782618,3007133316
dimwishlist:item=3844610113&perks=839105230,3142289711,1563455254,3824105627
dimwishlist:item=3844610113&perks=839105230,3142289711,1563455254,1183436451
dimwishlist:item=3844610113&perks=839105230,3142289711,1563455254,2213355989
dimwishlist:item=3844610113&perks=839105230,3142289711,1563455254,2002547233
dimwishlist:item=3844610113&perks=839105230,3142289711,1563455254,4104185692
dimwishlist:item=3844610113&perks=839105230,3142289711,1563455254,3007133316
dimwishlist:item=3844610113&perks=839105230,106909392,3418782618,3824105627
dimwishlist:item=3844610113&perks=839105230,106909392,3418782618,1183436451
dimwishlist:item=3844610113&perks=839105230,106909392,3418782618,2213355989
dimwishlist:item=3844610113&perks=839105230,106909392,3418782618,2002547233
dimwishlist:item=3844610113&perks=839105230,106909392,3418782618,4104185692
dimwishlist:item=3844610113&perks=839105230,106909392,3418782618,3007133316
dimwishlist:item=3844610113&perks=839105230,106909392,1563455254,3824105627
dimwishlist:item=3844610113&perks=839105230,106909392,1563455254,1183436451
dimwishlist:item=3844610113&perks=839105230,106909392,1563455254,2213355989
dimwishlist:item=3844610113&perks=839105230,106909392,1563455254,2002547233
dimwishlist:item=3844610113&perks=839105230,106909392,1563455254,4104185692
dimwishlist:item=3844610113&perks=839105230,106909392,1563455254,3007133316
dimwishlist:item=3844610113&perks=4090651448,3142289711,3418782618,3824105627
dimwishlist:item=3844610113&perks=4090651448,3142289711,3418782618,1183436451
dimwishlist:item=3844610113&perks=4090651448,3142289711,3418782618,2213355989
dimwishlist:item=3844610113&perks=4090651448,3142289711,3418782618,2002547233
dimwishlist:item=3844610113&perks=4090651448,3142289711,3418782618,4104185692
dimwishlist:item=3844610113&perks=4090651448,3142289711,3418782618,3007133316
dimwishlist:item=3844610113&perks=4090651448,3142289711,1563455254,3824105627
dimwishlist:item=3844610113&perks=4090651448,3142289711,1563455254,1183436451
dimwishlist:item=3844610113&perks=4090651448,3142289711,1563455254,2213355989
dimwishlist:item=3844610113&perks=4090651448,3142289711,1563455254,2002547233
dimwishlist:item=3844610113&perks=4090651448,3142289711,1563455254,4104185692
dimwishlist:item=3844610113&perks=4090651448,3142289711,1563455254,3007133316
dimwishlist:item=3844610113&perks=4090651448,106909392,3418782618,3824105627
dimwishlist:item=3844610113&perks=4090651448,106909392,3418782618,1183436451
dimwishlist:item=3844610113&perks=4090651448,106909392,3418782618,2213355989
dimwishlist:item=3844610113&perks=4090651448,106909392,3418782618,2002547233
dimwishlist:item=3844610113&perks=4090651448,106909392,3418782618,4104185692
dimwishlist:item=3844610113&perks=4090651448,106909392,3418782618,3007133316
dimwishlist:item=3844610113&perks=4090651448,106909392,1563455254,3824105627
dimwishlist:item=3844610113&perks=4090651448,106909392,1563455254,1183436451
dimwishlist:item=3844610113&perks=4090651448,106909392,1563455254,2213355989
dimwishlist:item=3844610113&perks=4090651448,106909392,1563455254,2002547233
dimwishlist:item=3844610113&perks=4090651448,106909392,1563455254,4104185692
dimwishlist:item=3844610113&perks=4090651448,106909392,1563455254,3007133316
dimwishlist:item=3844610113&perks=1840239774,3142289711,3418782618,3824105627
dimwishlist:item=3844610113&perks=1840239774,3142289711,3418782618,1183436451
dimwishlist:item=3844610113&perks=1840239774,3142289711,3418782618,2213355989
dimwishlist:item=3844610113&perks=1840239774,3142289711,3418782618,2002547233
dimwishlist:item=3844610113&perks=1840239774,3142289711,3418782618,4104185692
dimwishlist:item=3844610113&perks=1840239774,3142289711,3418782618,3007133316
dimwishlist:item=3844610113&perks=1840239774,3142289711,1563455254,3824105627
dimwishlist:item=3844610113&perks=1840239774,3142289711,1563455254,1183436451
dimwishlist:item=3844610113&perks=1840239774,3142289711,1563455254,2213355989
dimwishlist:item=3844610113&perks=1840239774,3142289711,1563455254,2002547233
dimwishlist:item=3844610113&perks=1840239774,3142289711,1563455254,4104185692
dimwishlist:item=3844610113&perks=1840239774,3142289711,1563455254,3007133316
dimwishlist:item=3844610113&perks=1840239774,106909392,3418782618,3824105627
dimwishlist:item=3844610113&perks=1840239774,106909392,3418782618,1183436451
dimwishlist:item=3844610113&perks=1840239774,106909392,3418782618,2213355989
dimwishlist:item=3844610113&perks=1840239774,106909392,3418782618,2002547233
dimwishlist:item=3844610113&perks=1840239774,106909392,3418782618,4104185692
dimwishlist:item=3844610113&perks=1840239774,106909392,3418782618,3007133316
dimwishlist:item=3844610113&perks=1840239774,106909392,1563455254,3824105627
dimwishlist:item=3844610113&perks=1840239774,106909392,1563455254,1183436451
dimwishlist:item=3844610113&perks=1840239774,106909392,1563455254,2213355989
dimwishlist:item=3844610113&perks=1840239774,106909392,1563455254,2002547233
dimwishlist:item=3844610113&perks=1840239774,106909392,1563455254,4104185692
dimwishlist:item=3844610113&perks=1840239774,106909392,1563455254,3007133316


// Fatebringer - Fatebringer (pve)
//notes: tags:pve
dimwishlist:item=4184168210&perks=4090651448,3142289711,3038247973,3824105627
dimwishlist:item=4184168210&perks=4090651448,3142289711,3038247973,1183436451
dimwishlist:item=4184168210&perks=4090651448,3142289711,64866129,3824105627
dimwishlist:item=4184168210&perks=4090651448,3142289711,64866129,1183436451
dimwishlist:item=4184168210&perks=1482024992,3142289711,3038247973,3824105627
dimwishlist:item=4184168210&perks=1482024992,3142289711,3038247973,1183436451
dimwishlist:item=4184168210&perks=1482024992,3142289711,64866129,3824105627
dimwishlist:item=4184168210&perks=1482024992,3142289711,64866129,1183436451
dimwishlist:item=4184168210&perks=3250034553,3142289711,3038247973,3824105627
dimwishlist:item=4184168210&perks=3250034553,3142289711,3038247973,1183436451
dimwishlist:item=4184168210&perks=3250034553,3142289711,64866129,3824105627
dimwishlist:item=4184168210&perks=3250034553,3142289711,64866129,1183436451
dimwishlist:item=4184168210&perks=839105230,3142289711,3038247973,3824105627
dimwishlist:item=4184168210&perks=839105230,3142289711,3038247973,1183436451
dimwishlist:item=4184168210&perks=839105230,3142289711,64866129,3824105627
dimwishlist:item=4184168210&perks=839105230,3142289711,64866129,1183436451


